Epoch	AverageEpRet	StdEpRet	MaxEpRet	MinEpRet	EpLen	Acc	MaxAcc	MinAcc	MaxTrialAcc	MaxMaxTrialAcc	MinMaxTrialAcc	TestFinetuneAcc	TestFinetuneLoss	TestFinetuneParam	NumAlphaAdj	NumEstimations	NumEdgeTrav	NumIllegalEdgeTrav	NumAlphaAdjBeforeTrav	UniqueEdges	Time
1	3.242007	0.9110101	4.0957265	0.89411765	127.416664	0.20642202	0.5	0.0	0.31428573	0.5	0.1	0.3	2.3273365	375.0	117.708336	4.5416665	9.708333	0.0	11.4929	5.375	157.4238543510437
2	2.8402984	1.239233	4.122446	0.0	143.91667	0.23333335	0.55	0.0	0.31428573	0.55	0.05	0.25	2.373993	307.0	135.0	4.0	8.916667	0.0	10.4641285	5.125	146.12316513061523
3	3.0033982	1.1467179	4.037977	0.2	129.375	0.19174759	0.4	0.0	0.25555554	0.4	0.05	0.35	2.3516688	305.0	120.333336	4.2916665	9.041667	0.0	10.293316	5.5	148.9485788345337
4	3.2396498	0.9543022	4.098538	0.44705883	117.083336	0.18073396	0.4	0.0	0.26666668	0.4	0.1	0.2	2.4554887	322.0	108.125	4.5416665	8.958333	0.0	10.272647	5.625	157.85639548301697
5	2.161188	1.590501	4.313464	0.0	152.79167	0.18589744	0.45000002	0.0	0.26666668	0.45000002	0.05	0.05	3.0655406	248.0	145.91667	3.25	6.875	0.0	8.63272	4.0416665	132.88977193832397
6	2.5972867	1.3460594	4.234267	0.2	155.25	0.19408603	0.4	0.0	0.275	0.4	0.05	0.25	2.4395955	384.0	145.58333	3.875	9.666667	0.0	8.586432	5.125	144.75947451591492
7	3.0552006	1.0971477	4.136392	0.2	133.41667	0.21796115	0.5	0.0	0.33125	0.5	0.15	0.2	2.6438544	263.0	124.375	4.2916665	9.041667	0.0	9.44007	5.3333335	152.32727360725403
8	2.7677135	1.2058526	3.9684875	0.0	141.16667	0.18659793	0.45000002	0.0	0.27222222	0.45000002	0.05	0.25	2.54364	402.0	132.75	4.0416665	8.416667	0.0	10.341393	4.9583335	146.80663204193115
9	3.2552369	0.8751591	4.495614	0.95	143.875	0.20779818	0.5	0.0	0.4	0.5	0.3	0.2	2.6164882	386.0	132.58333	4.5416665	11.291667	0.0	11.105723	5.625	158.19067001342773
10	2.8274467	1.3273834	3.9496903	0.2	129.625	0.19540817	0.55	0.0	0.27857143	0.55	0.1	0.2	2.6323333	406.0	121.208336	4.0833335	8.416667	0.0	12.290779	5.0416665	147.22772455215454
11	2.7243748	1.2578441	4.4849153	0.2	142.08333	0.20937501	0.55	0.05	0.3285714	0.55	0.15	0.3	2.3935974	361.0	131.91667	4.0	10.166667	0.0	7.223003	5.2083335	150.62906694412231
12	3.3445978	0.919485	4.292063	0.9411765	120.5	0.25183484	0.7	0.05	0.3318182	0.7	0.05	0.3	2.401545	347.0	110.958336	4.5416665	9.541667	0.0	12.040376	5.5	155.99521708488464
13	2.7504752	1.3616586	4.038889	0.2	133.25	0.22864585	0.5	0.0	0.28636363	0.5	0.05	0.1	2.8553421	352.0	125.041664	4.0	8.208333	0.0	10.378499	5.0416665	147.51547956466675
14	2.8693383	1.1828849	4.0871363	0.0	144.79167	0.29081634	0.55	0.0	0.34285715	0.55	0.1	0.35	2.2783768	242.0	135.33333	4.0833335	9.458333	0.0	8.606538	5.3333335	154.08819937705994
15	3.1894398	1.0644624	4.127671	0.90666664	134.29167	0.26346156	0.7	0.0	0.375	0.7	0.05	0.3	2.4439685	366.0	124.708336	4.3333335	9.583333	0.0	12.794253	5.625	156.40826797485352
16	3.108835	1.0815753	4.541028	0.8842105	143.66667	0.2786408	0.6	0.0	0.35416666	0.6	0.05	0.15	2.6495235	375.0	133.875	4.2916665	9.791667	0.0	11.180408	5.5416665	154.96281480789185
17	3.2495716	1.1726192	4.057843	0.2	112.875	0.25190476	0.5	0.05	0.3611111	0.5	0.15	0.25	2.4522057	255.0	103.041664	4.375	9.833333	0.0	8.843052	5.5	152.7689151763916
18	2.8798215	1.3671293	4.1833334	0.0	132.125	0.25208333	0.55	0.0	0.37857145	0.55	0.2	0.25	2.4236007	281.0	123.666664	4.0	8.458333	0.0	13.15043	5.125	146.26564693450928
19	2.5324643	1.4942647	4.443137	0.2	148.08333	0.26627907	0.6	0.0	0.38571432	0.6	0.15	0.3	2.3447165	338.0	140.625	3.5833333	7.4583335	0.0	14.504069	4.3333335	143.90436840057373
20	3.321125	1.1493267	4.728205	0.0	126.541664	0.31603774	0.65000004	0.0	0.4642857	0.65000004	0.25	0.25	2.4530604	237.0	116.416664	4.4166665	10.125	0.0	10.594314	5.625	156.80881071090698
21	2.7953465	1.2631524	4.155831	0.2	156.95833	0.27234042	0.6	0.0	0.44375002	0.6	0.2	0.25	2.376849	245.0	146.79167	3.9166667	10.166667	0.0	10.705162	4.9166665	148.70530676841736
22	2.999384	1.3259441	4.3675756	0.2	128.54167	0.30714285	0.65000004	0.05	0.4357143	0.65000004	0.2	0.35	2.238027	192.0	118.875	4.0833335	9.666667	0.0	9.422315	5.3333335	147.49065613746643
23	3.203211	1.052543	4.224929	0.6	120.833336	0.2514151	0.6	0.0	0.35000002	0.6	0.05	0.15	2.4373279	252.0	111.541664	4.4166665	9.291667	0.0	10.512494	5.2083335	154.99431586265564
24	3.3056335	0.90917337	3.988562	0.2	125.75	0.24541286	0.5	0.0	0.28125	0.5	0.05	0.2	2.5131223	248.0	114.583336	4.5416665	11.166667	0.0	8.16108	5.75	156.25765204429626
25	3.1193397	1.077299	4.298562	0.6	131.20833	0.25528848	0.65000004	0.05	0.39000002	0.65000004	0.15	0.35	2.5947547	200.0	121.083336	4.3333335	10.125	0.0	7.464934	5.75	152.2528100013733
26	3.2774448	1.0493354	4.220642	0.6	111.958336	0.29299065	0.55	0.05	0.35000002	0.55	0.1	0.15	2.3609233	312.0	101.083336	4.4583335	10.875	0.0	7.7466063	5.9166665	154.3343789577484
27	3.0550563	1.1624383	4.0964704	0.2	139.0	0.25049505	0.55	0.05	0.32142857	0.55	0.1	0.3	2.3188348	256.0	130.58333	4.2083335	8.416667	0.0	11.46054	5.2083335	147.75394487380981
28	3.1790104	1.250015	4.2675977	0.0	120.541664	0.27156863	0.55	0.05	0.35	0.55	0.15	0.15	2.6764553	313.0	112.666664	4.25	7.875	0.0	12.333043	5.0833335	148.28928637504578
29	3.3713465	1.0009139	4.3896728	0.84444445	143.04167	0.31111112	0.65000004	0.05	0.3888889	0.65000004	0.2	0.2	2.5215967	277.0	133.54167	4.5	9.5	0.0	13.943149	5.2916665	158.9102702140808
30	3.2278016	1.0641087	4.385546	0.96842104	137.45833	0.31519607	0.7	0.0	0.41666666	0.7	0.05	0.2	2.5956352	261.0	127.833336	4.25	9.625	0.0	10.175199	5.4166665	149.07258677482605
31	2.9861581	1.3485738	4.150476	0.0	144.91667	0.27371135	0.6	0.0	0.42857143	0.6	0.25	0.25	2.3132339	301.0	134.45833	4.0416665	10.458333	0.0	14.736912	5.2916665	145.92923140525818
32	3.2262135	1.3908383	4.3329825	0.0	139.75	0.30294117	0.7	0.05	0.41	0.7	0.1	0.3	2.2532325	267.0	129.95833	4.25	9.791667	0.0	12.907773	5.5	151.21443343162537
33	3.2045727	1.1637787	4.346516	0.44444445	131.20833	0.31586537	0.6	0.0	0.38636363	0.6	0.15	0.25	2.4671962	224.0	122.208336	4.3333335	9.0	0.0	12.810368	5.5416665	153.323876619339
34	2.7667277	1.3316077	4.422471	0.2	165.20833	0.34239128	0.65000004	0.05	0.4166667	0.65000004	0.05	0.3	2.1617491	232.0	156.5	3.8333333	8.708333	0.0	12.534846	5.1666665	152.33476161956787
35	3.0581245	1.1530278	4.4593263	0.56842107	152.45833	0.342	0.65000004	0.0	0.40833333	0.65000004	0.2	0.45000002	2.2376199	237.0	142.45833	4.1666665	10.0	0.0	12.98392	5.3333335	152.71669244766235
36	2.9651966	1.3160763	4.1343274	0.0	143.375	0.29898986	0.6	0.05	0.37142855	0.6	0.05	0.25	2.5375152	286.0	133.875	4.125	9.5	0.0	13.31792	5.125	151.30484819412231
37	3.1124344	1.175661	4.395689	0.0	132.41667	0.28960398	0.6	0.05	0.40625	0.6	0.15	0.1	2.5528026	237.0	123.666664	4.2083335	8.75	0.0	12.805363	5.375	148.19722294807434
38	3.3167937	1.1293473	4.2584414	0.0	124.166664	0.27571428	0.6	0.05	0.35454547	0.6	0.05	0.3	2.2130797	257.0	114.791664	4.375	9.375	0.0	9.455273	5.375	155.29754304885864
39	3.0173225	1.362993	4.2066665	0.0	134.08333	0.26989797	0.6	0.05	0.38333333	0.6	0.1	0.1	2.4666924	266.0	124.708336	4.0833335	9.375	0.0	9.085222	5.2083335	150.61091685295105
40	3.413163	1.0913742	4.243108	0.0	126.875	0.2598131	0.5	0.05	0.32999998	0.5	0.1	0.15	2.648787	269.0	116.541664	4.4583335	10.333333	0.0	11.938546	5.7083335	154.83257699012756
41	2.9311192	1.2628677	4.6968327	0.0	139.83333	0.34789476	0.7	0.1	0.41875	0.7	0.15	0.1	2.9283576	237.0	131.58333	3.9583333	8.25	0.0	10.631103	4.9166665	148.40117359161377
42	3.315305	0.9695991	4.347164	0.0	127.291664	0.32943925	0.6	0.1	0.4111111	0.6	0.2	0.2	2.4896297	209.0	117.5	4.4583335	9.791667	0.0	9.561758	5.625	155.51924753189087
43	3.071296	1.243649	4.3436193	0.0	141.20833	0.3165	0.7	0.05	0.4277778	0.7	0.15	0.35	2.183366	200.0	132.0	4.1666665	9.208333	0.0	10.861011	5.0416665	149.855286359787
44	3.0770075	1.371838	4.697436	0.0	121.791664	0.32929295	0.85	0.0	0.55714285	0.85	0.25	0.2	2.3071108	228.0	113.166664	4.125	8.625	0.0	9.874869	5.25	146.67609167099
45	3.2650177	1.2276692	4.4133334	0.49411765	131.29167	0.33676475	0.7	0.0	0.48333335	0.7	0.15	0.2	2.6025445	190.0	121.75	4.25	9.541667	0.0	15.724246	5.4166665	150.9358570575714
46	3.4404824	0.9622693	4.552727	0.6	116.5	0.33558562	0.75	0.1	0.47083333	0.75	0.2	0.25	2.2959046	196.0	104.625	4.625	11.875	0.0	7.661203	6.1666665	160.04901385307312
47	3.1070073	1.1046866	4.3229823	0.2	130.875	0.32794118	0.6	0.1	0.40500003	0.6	0.15	0.25	2.4181457	252.0	121.166664	4.25	9.708333	0.0	7.7405496	5.5416665	152.99332070350647
48	3.174078	1.2506204	4.5329456	0.2	142.70833	0.29950494	0.6	0.0	0.34444442	0.6	0.2	0.15	2.5825684	204.0	134.0	4.2083335	8.708333	0.0	15.119189	5.1666665	149.05165553092957
49	3.285658	1.2987134	4.2594004	0.2	122.791664	0.3195238	0.7	0.05	0.32500002	0.7	0.05	0.35	2.3459096	178.0	112.833336	4.375	9.958333	0.0	9.63907	5.4166665	152.48226308822632
50	3.279972	0.9010234	4.3575163	1.0	143.91667	0.32264152	0.65000004	0.05	0.45000002	0.65000004	0.15	0.2	2.4368052	181.0	133.75	4.4166665	10.166667	0.0	12.592659	5.5416665	153.6174280643463
51	2.6215003	1.4315948	4.8646464	0.2	146.875	0.3713483	0.8	0.05	0.5642857	0.8	0.25	0.3	2.3338265	227.0	138.79167	3.7083333	8.083333	0.0	13.909831	4.4166665	143.06782937049866
52	3.7636795	0.59358263	4.4057145	1.9333333	124.875	0.34051725	0.65000004	0.05	0.41875002	0.65000004	0.15	0.35	2.4726262	201.0	115.458336	4.8333335	9.416667	0.0	11.575134	5.7083335	162.67995810508728
53	3.1018093	1.3086987	4.8294506	0.0	153.0	0.35714287	0.8	0.05	0.48333338	0.8	0.25	0.35	2.3439665	201.0	144.04167	4.0833335	8.958333	0.0	15.068234	5.1666665	149.29740285873413
54	2.8854625	1.3267945	4.1570587	0.0	135.58333	0.28440863	0.55	0.05	0.4	0.55	0.2	0.25	2.4284425	221.0	126.333336	3.875	9.25	0.0	11.602794	4.8333335	141.9777901172638
55	3.092151	1.1568828	4.507094	0.6	154.04167	0.34900993	0.7	0.05	0.4625	0.7	0.2	0.2	2.5401294	232.0	142.875	4.2083335	11.166667	0.0	11.352387	5.9583335	153.3245620727539
56	3.373325	1.0118494	4.319748	0.0	118.958336	0.32731482	0.65000004	0.05	0.38000003	0.65000004	0.05	0.3	2.3352895	253.0	109.208336	4.5	9.75	0.0	8.986044	5.5	151.05534029006958
57	3.3986156	0.9546081	4.152381	0.50666666	126.375	0.3041284	0.6	0.0	0.35714287	0.6	0.15	0.45000002	2.1772916	208.0	116.916664	4.5416665	9.458333	0.0	10.08061	5.7083335	151.01092648506165
58	3.4997978	0.9432211	4.252222	0.2	114.375	0.33348212	0.65000004	0.05	0.40555558	0.65000004	0.15	0.4	2.2088978	162.0	103.541664	4.6666665	10.833333	0.0	8.606498	5.875	157.0989053249359
59	3.0732014	1.2315542	4.4432993	0.9230769	146.54167	0.30400002	0.6	0.05	0.39999998	0.6	0.05	0.3	2.4214413	190.0	135.58333	4.1666665	10.958333	0.0	8.388549	5.5416665	151.1489815711975
60	3.5828133	0.74055725	4.1880093	1.6	110.916664	0.29035085	0.6	0.1	0.36874998	0.6	0.1	0.25	2.4423382	239.0	100.458336	4.75	10.458333	0.0	9.019338	5.7916665	157.28514456748962
61	3.2340515	1.2877004	4.3267975	0.0	122.458336	0.4107843	0.8	0.05	0.5428571	0.8	0.25	0.3	2.5100126	187.0	113.5	4.25	8.958333	0.0	9.696071	5.0833335	147.26207494735718
62	3.5089207	1.0205598	4.584835	0.56	121.375	0.38271028	0.7	0.05	0.45454547	0.7	0.1	0.3	2.1530564	257.0	113.166664	4.4583335	8.208333	0.0	12.132361	5.2916665	156.2901999950409
63	3.2828977	1.1005731	4.1029634	0.6	146.125	0.31588793	0.65000004	0.0	0.46111113	0.65000004	0.3	0.2	2.3830864	189.0	135.375	4.4583335	10.75	0.0	13.820233	5.5416665	154.59311628341675
64	3.0916421	1.2801695	4.2598577	0.0	136.0	0.35101014	0.65000004	0.1	0.43333334	0.65000004	0.1	0.25	2.2921805	231.0	127.666664	4.125	8.333333	0.0	9.883277	5.2916665	149.43142676353455
65	3.6832294	0.59459686	4.2954545	1.7385621	120.333336	0.3448276	0.75	0.1	0.47916666	0.75	0.2	0.3	2.0492697	255.0	110.375	4.8333335	9.958333	0.0	10.455641	6.0416665	159.53133368492126
66	3.5023353	0.915631	4.3948364	1.1764706	113.166664	0.34587157	0.7	0.05	0.425	0.7	0.2	0.35	2.3925838	160.0	103.791664	4.5416665	9.375	0.0	10.760953	5.3333335	156.88531255722046
67	3.2861147	1.1886194	4.490696	0.46153846	135.5	0.35	0.7	0.15	0.51875	0.7	0.3	0.25	2.4549394	243.0	125.791664	4.25	9.708333	0.0	9.491094	5.375	148.5019211769104
68	3.2704785	0.9829749	4.1980953	0.52307695	139.79167	0.36320758	0.7	0.05	0.435	0.7	0.15	0.2	2.486915	267.0	131.0	4.4166665	8.791667	0.0	12.560489	5.5416665	156.72356820106506
69	3.1327946	1.3009522	4.413072	0.2	137.08333	0.36666664	0.75	0.0	0.5	0.75	0.2	0.1	2.2205322	165.0	128.5	4.125	8.583333	0.0	14.146543	5.125	143.05937218666077
70	3.1902692	1.2993271	4.6301475	0.0	136.45833	0.38535357	0.7	0.05	0.47857141	0.7	0.3	0.3	2.143974	225.0	127.583336	4.125	8.875	0.0	10.020566	5.0	152.85980653762817
71	3.3168259	1.2131361	4.7253613	1.0285714	130.66667	0.40588236	0.75	0.05	0.45	0.75	0.25	0.25	2.4212554	213.0	121.25	4.25	9.416667	0.0	9.1830225	5.2916665	150.99822211265564
72	3.3943799	0.9797733	4.7562637	1.7636364	115.916664	0.38925236	0.90000004	0.05	0.51666665	0.90000004	0.3	0.4	2.0902388	238.0	106.833336	4.4583335	9.083333	0.0	12.374629	5.2916665	157.04155349731445
73	3.2963362	0.9890458	4.417143	0.61333334	140.08333	0.38380957	0.7	0.05	0.5	0.7	0.25	0.25	2.4391453	274.0	129.54167	4.375	10.541667	0.0	10.975051	5.5416665	154.62436270713806
74	3.0389452	1.4188589	4.2917094	0.0	118.708336	0.36804125	0.7	0.05	0.4772727	0.7	0.25	0.35	1.9790932	236.0	109.875	4.0416665	8.833333	0.0	6.9211674	4.9583335	148.12964701652527
75	2.7326176	1.3579211	4.2107844	0.2	155.45833	0.3353261	0.65000004	0.1	0.4555556	0.65000004	0.2	0.2	2.368075	216.0	147.54167	3.8333333	7.9166665	0.0	12.086881	5.0833335	145.57932782173157
76	3.1673105	1.3434647	4.473533	0.0	134.875	0.4510204	0.8	0.1	0.6388889	0.8	0.5	0.35	2.1473186	262.0	126.958336	4.0833335	7.9166665	0.0	11.261566	4.75	149.47751927375793
77	3.00297	1.2506665	4.253175	0.0	143.08333	0.34432986	0.65000004	0.0	0.4357143	0.65000004	0.25	0.3	2.2661858	215.0	133.54167	4.0416665	9.541667	0.0	9.410829	5.375	148.13029861450195
78	2.8573806	1.529377	4.3927274	0.2	137.375	0.42608693	0.8	0.05	0.55	0.8	0.2	0.4	2.3132653	214.0	129.54167	3.8333333	7.8333335	0.0	13.211062	4.7916665	146.77000093460083
79	3.675541	0.75074667	4.5317044	1.5846153	116.416664	0.40973452	0.75	0.15	0.47727272	0.75	0.15	0.35	2.089972	242.0	105.458336	4.7083335	10.958333	0.0	9.591252	5.9166665	155.2662968635559
80	3.2825243	1.2080252	4.4476857	0.44444445	113.583336	0.39471155	0.75	0.05	0.46363637	0.75	0.15	0.45000002	1.9878298	173.0	104.625	4.3333335	8.958333	0.0	11.035144	5.125	154.84791088104248
81	3.0199091	1.2701509	4.4398212	0.6	158.04167	0.38762885	0.7	0.2	0.47727278	0.7	0.25	0.25	2.1658542	273.0	148.91667	4.0416665	9.125	0.0	16.61281	5.4166665	144.52801823616028
82	3.5608747	1.17374	4.622129	0.0	115.5	0.44252342	0.8	0.15	0.65000004	0.8	0.45000002	0.4	2.0310745	206.0	106.333336	4.4583335	9.166667	0.0	9.273736	5.3333335	151.6755051612854
83	2.6301053	1.2832336	4.2343435	0.2	158.5	0.39886367	0.65000004	0.1	0.50625	0.65000004	0.3	0.25	2.0849702	187.0	150.45833	3.6666667	8.041667	0.0	14.992274	4.8333335	143.66975808143616
84	3.6368396	0.99263537	4.490675	0.50666666	130.75	0.4009009	0.8	0.05	0.51000005	0.8	0.15	0.35	2.2027078	189.0	120.458336	4.625	10.291667	0.0	10.890399	5.6666665	152.33656191825867
85	3.1219883	1.3120931	4.3921213	0.2	119.666664	0.38069308	0.75	0.0	0.48333338	0.75	0.15	0.35	2.0187483	202.0	110.166664	4.2083335	9.5	0.0	9.577264	5.1666665	151.35074710845947
86	3.3520613	1.016436	4.418889	0.76923084	123.25	0.38738316	0.75	0.0	0.53000003	0.75	0.25	0.25	2.2893696	235.0	113.541664	4.4583335	9.708333	0.0	9.586723	5.75	155.57180166244507
87	3.1914837	1.178454	4.2012987	0.2	130.5	0.3950495	0.7	0.0	0.4318182	0.7	0.1	0.25	2.2792633	216.0	120.625	4.2083335	9.875	0.0	8.098251	5.25	150.05199027061462
88	3.6469219	0.8345398	4.841515	0.96000004	105.833336	0.3950893	0.8	0.05	0.5	0.8	0.05	0.25	2.4119265	179.0	95.5	4.6666665	10.333333	0.0	9.737469	6.0833335	162.59523630142212
89	3.3096168	1.2522038	4.3268375	0.45333335	116.916664	0.38300976	0.7	0.1	0.465	0.7	0.15	0.25	2.4442887	275.0	107.041664	4.2916665	9.875	0.0	7.8489494	5.4583335	154.22144532203674
90	3.246318	1.4800446	4.503297	0.0	134.20833	0.36633664	0.75	0.1	0.54285717	0.75	0.25	0.4	2.0363631	174.0	126.125	4.2083335	8.083333	0.0	17.8572	5.0	155.74149203300476
91	3.173165	1.3587946	4.399394	0.48421052	126.875	0.42400002	0.8	0.05	0.53333336	0.8	0.15	0.15	2.651184	263.0	117.666664	4.1666665	9.208333	0.0	6.9353414	5.375	148.92102670669556
92	2.8063653	1.3482322	4.4061537	0.0	158.16667	0.456044	0.8	0.15	0.59375	0.8	0.2	0.4	1.8262861	254.0	149.25	3.7916667	8.916667	0.0	11.390096	4.75	143.65003418922424
93	2.8107264	1.3104969	4.492592	0.2	154.125	0.439011	0.75	0.1	0.5388889	0.75	0.3	0.25	2.0809836	225.0	145.5	3.7916667	8.625	0.0	12.660518	5.125	144.5442979335785
94	3.1586475	1.153653	4.437619	0.45333335	126.833336	0.36534652	0.65000004	0.1	0.48000002	0.65000004	0.3	0.3	1.9772568	251.0	116.5	4.2083335	10.333333	0.0	14.073268	5.5	148.9768466949463
95	3.1262715	1.1563733	4.3320637	0.86153847	137.70833	0.34455448	0.65000004	0.05	0.41111115	0.65000004	0.2	0.15	2.5206814	216.0	127.791664	4.2083335	9.916667	0.0	9.090296	5.2916665	152.009290933609
96	3.4505532	1.0274787	4.3692307	0.50666666	136.66667	0.39009434	0.8	0.05	0.49375004	0.8	0.15	0.2	2.186466	259.0	125.875	4.4166665	10.791667	0.0	10.670067	5.6666665	153.24506640434265
97	3.1117737	1.3251455	4.601905	0.2	153.08333	0.4368687	0.7	0.15	0.54285717	0.7	0.4	0.2	2.5531142	302.0	143.91667	4.125	9.166667	0.0	10.939499	5.0833335	145.54920506477356
98	2.8860426	1.2004956	4.4307694	0.6666667	154.95833	0.34105265	0.65000004	0.1	0.46999997	0.65000004	0.25	0.3	2.0862203	249.0	146.375	3.9583333	8.583333	0.0	10.268873	4.9583335	151.5575089454651
99	3.2451026	1.1231592	4.1295238	0.89411765	131.91667	0.3567308	0.7	0.1	0.43076923	0.7	0.1	0.25	2.468464	179.0	123.541664	4.3333335	8.375	0.0	11.772972	5.3333335	154.01673579216003
100	3.640854	1.1063973	4.571562	0.0	114.458336	0.43623856	0.8	0.1	0.52000004	0.8	0.2	0.25	2.3049188	232.0	105.166664	4.5416665	9.291667	0.0	12.306922	5.625	150.93359565734863
101	3.7485962	0.946327	4.6622224	0.2	106.625	0.4631579	0.90000004	0.1	0.6	0.90000004	0.4	0.35	2.3366504	173.0	95.958336	4.75	10.666667	0.0	8.105301	5.7916665	134.11950659751892
102	3.5847797	0.7928856	4.3963637	1.1388888	104.458336	0.4283784	0.8	0.15	0.56875	0.8	0.3	0.2	2.271101	234.0	94.916664	4.625	9.541667	0.0	9.999313	5.5416665	137.28725361824036
103	3.325033	1.1310358	4.4711766	0.9411765	129.125	0.44571432	0.85	0.1	0.58000004	0.85	0.25	0.3	2.086327	141.0	119.208336	4.375	9.916667	0.0	12.10216	5.5	138.97091388702393
104	3.004804	1.3601947	4.288889	0.0	136.41667	0.3869792	0.75	0.1	0.42	0.75	0.15	0.5	1.951123	263.0	128.5	4.0	7.9166665	0.0	11.990372	4.7916665	137.29979157447815
105	3.412821	1.2578205	4.8678074	0.2	144.375	0.42932695	0.90000004	0.05	0.49444443	0.90000004	0.1	0.4	1.9931961	156.0	133.95833	4.3333335	10.416667	0.0	12.734656	5.4583335	140.39853739738464
106	2.3963714	1.5759534	4.3555555	0.0	142.70833	0.44	0.75	0.15	0.5071429	0.75	0.25	0.4	1.96912	237.0	136.66667	3.3333333	6.0416665	0.0	18.141237	4.1666665	122.98773860931396
107	3.2489579	1.079338	4.321616	0.6285714	127.708336	0.42403844	0.85	0.15	0.5277778	0.85	0.2	0.35	2.0453308	255.0	117.625	4.3333335	10.083333	0.0	9.23259	5.5833335	140.95460677146912
108	3.6430266	0.81808776	4.8152957	1.4239317	125.916664	0.45675674	0.8	0.15	0.55	0.8	0.25	0.35	2.1576257	193.0	115.916664	4.625	10.0	0.0	9.652679	5.9166665	141.50186204910278
109	3.1270359	1.3215176	4.508862	0.2	132.0	0.4209184	0.75	0.05	0.53125	0.75	0.2	0.2	2.769259	235.0	123.625	4.0833335	8.375	0.0	10.973895	4.7916665	136.9702718257904
110	3.1356392	1.2048464	4.7147884	0.0	156.125	0.379	0.65000004	0.05	0.40625	0.65000004	0.1	0.35	2.0290723	227.0	147.04167	4.1666665	9.083333	0.0	12.579755	5.3333335	139.05864715576172
111	3.0249774	1.1805857	4.6694508	0.2	159.58333	0.40051016	0.7	0.15	0.445	0.7	0.2	0.25	2.0450704	221.0	150.625	4.0833335	8.958333	0.0	10.232823	5.2083335	136.50706315040588
112	3.6959543	0.95080316	4.594286	0.2	107.833336	0.4626126	0.85	0.05	0.63125	0.85	0.45000002	0.45000002	1.8023787	178.0	98.666664	4.625	9.166667	0.0	13.269643	5.4166665	146.60090851783752
113	3.795089	0.7641299	4.523175	1.5714285	113.166664	0.4695652	0.8	0.2	0.59375	0.8	0.45000002	0.3	2.0122495	183.0	103.166664	4.7916665	10.0	0.0	9.29225	6.125	150.11877036094666
114	3.1768684	1.3716388	4.8147774	0.2	136.79167	0.41666666	0.90000004	0.1	0.52272725	0.90000004	0.2	0.25	2.10614	182.0	128.625	4.125	8.166667	0.0	13.352246	4.9583335	143.4202857017517
115	3.0947988	1.2099948	4.5769696	0.5777778	123.458336	0.37222221	0.7	0.05	0.47500002	0.7	0.1	0.45000002	1.937644	175.0	115.208336	4.125	8.25	0.0	9.657874	4.9583335	144.46571493148804
116	3.4003322	0.9843453	4.2237163	1.0915033	120.416664	0.3847222	0.7	0.1	0.45769233	0.7	0.2	0.35	2.6007204	223.0	109.75	4.5	10.666667	0.0	12.421891	5.375	141.1619074344635
117	3.4125454	1.3150651	4.6964707	0.0	124.0	0.42952383	0.8	0.1	0.53888893	0.8	0.2	0.4	2.0199049	172.0	113.916664	4.375	10.083333	0.0	9.546609	5.6666665	147.45695447921753
118	3.0603123	1.2345641	4.404329	0.0	139.54167	0.3939394	0.8	0.05	0.4666667	0.8	0.05	0.35	2.3217542	194.0	130.58333	4.125	8.958333	0.0	9.412899	5.0833335	146.88264179229736
119	3.2160423	1.3372501	4.6304717	0.5411765	148.75	0.44744897	0.75	0.15	0.56875	0.75	0.35	0.4	2.0625412	229.0	140.125	4.0833335	8.625	0.0	9.542365	5.0833335	140.92123579978943
120	3.530613	1.1149135	4.635198	0.6	126.875	0.45607483	0.85	0.05	0.53333336	0.85	0.25	0.4	2.206468	182.0	117.25	4.4583335	9.625	0.0	8.3611	5.5416665	146.66835141181946
121	3.0261009	1.268698	4.310994	0.2	140.04167	0.4234694	0.7	0.05	0.45000002	0.7	0.1	0.15	2.3434873	216.0	130.45833	4.0833335	9.583333	0.0	12.413895	5.2916665	132.9614543914795
122	2.8597405	1.5048618	4.374661	0.0	137.58333	0.40638295	0.8	0.05	0.53333336	0.8	0.25	0.2	2.207914	176.0	127.833336	3.9166667	9.75	0.0	9.784969	5.1666665	133.49360918998718
123	3.466075	1.1186985	4.4494505	0.63529414	113.666664	0.45613208	0.85	0.1	0.51363635	0.85	0.15	0.35	1.9382153	159.0	103.958336	4.4166665	9.708333	0.0	8.508794	5.4583335	137.1260426044464
124	3.3816097	1.1649826	4.447619	0.2	123.208336	0.41380954	0.85	0.1	0.5363636	0.85	0.2	0.4	2.2051432	230.0	114.583336	4.375	8.625	0.0	10.539556	5.3333335	139.56575202941895
125	3.0506105	1.4771535	4.525914	0.0	151.54167	0.45937502	0.85	0.1	0.58125	0.85	0.3	0.1	2.4392946	209.0	143.33333	4.0	8.208333	0.0	14.888736	4.9583335	132.88543248176575
126	3.4137993	1.15519	4.4699597	0.44444445	117.666664	0.4266355	0.8	0.0	0.50000006	0.8	0.15	0.45000002	2.1326904	168.0	107.916664	4.4583335	9.75	0.0	11.536045	5.4166665	141.0547170639038
127	3.139527	1.294905	4.707451	0.0	134.41667	0.40606058	0.75	0.1	0.4727273	0.75	0.1	0.25	2.1472268	151.0	123.625	4.125	10.791667	0.0	7.8177485	5.4166665	137.26744318008423
128	3.236989	1.2509364	4.57	0.44705883	138.625	0.42871287	0.75	0.15	0.55833334	0.75	0.25	0.2	2.8455307	269.0	129.25	4.2083335	9.375	0.0	8.895022	5.5416665	138.13483476638794
129	2.9962442	1.3495468	4.3470087	0.2	139.08333	0.40656567	0.75	0.1	0.51	0.75	0.2	0.2	2.0828557	173.0	130.33333	4.125	8.75	0.0	15.336719	5.0416665	133.71550035476685
130	3.6199634	1.1196737	4.8358974	0.5411765	127.583336	0.46401867	0.8	0.05	0.56500006	0.8	0.3	0.35	2.3472037	152.0	118.25	4.4583335	9.333333	0.0	10.03247	5.5416665	139.2031626701355
131	3.6810925	1.0189302	4.730392	0.2	112.5	0.47612613	0.85	0.05	0.6333334	0.85	0.4	0.5	1.7985318	196.0	101.791664	4.625	10.708333	0.0	8.359147	5.8333335	140.69865345954895
132	3.3959248	1.1617216	4.7686276	0.5777778	134.41667	0.44660193	0.8	0.1	0.57777786	0.8	0.3	0.25	2.3542988	189.0	125.5	4.2916665	8.916667	0.0	10.163033	5.5416665	139.8281328678131
133	3.1491165	1.4660318	4.3493285	0.2	127.333336	0.38010204	0.75	0.05	0.55	0.75	0.25	0.35	2.2250106	178.0	118.916664	4.0833335	8.416667	0.0	11.404334	4.9166665	133.99746942520142
134	2.8872364	1.4704801	4.6171227	0.0	140.66667	0.4397849	0.75	0.1	0.6	0.75	0.45000002	0.35	2.349395	202.0	132.04167	3.875	8.625	0.0	12.76452	4.9583335	135.3700921535492
135	3.6261473	1.0062063	4.60303	0.5846154	120.083336	0.47981647	0.8	0.15	0.61428577	0.8	0.45000002	0.3	1.968811	166.0	110.875	4.5416665	9.208333	0.0	11.68539	5.4166665	140.53925681114197
136	3.6631298	1.0893632	4.5414143	0.0	107.416664	0.47155958	0.85	0.1	0.62857145	0.85	0.3	0.45000002	1.8310366	239.0	98.208336	4.5416665	9.208333	0.0	7.2910085	5.3333335	140.7272560596466
137	3.1065922	1.2639402	4.447619	0.2	133.91667	0.38080806	0.7	0.05	0.41111112	0.7	0.05	0.35	2.2785962	234.0	124.5	4.125	9.416667	0.0	10.573817	5.4166665	134.83938097953796
138	3.4508374	1.0950205	4.5517097	0.0	114.583336	0.4611111	0.8	0.1	0.59375	0.8	0.25	0.35	2.060921	196.0	105.541664	4.5	9.041667	0.0	8.438039	5.7916665	140.8395528793335
139	3.1836503	1.3893971	4.53812	0.2	133.70833	0.47244897	0.8	0.15	0.53333336	0.8	0.3	0.3	2.5075662	229.0	125.125	4.0833335	8.583333	0.0	11.116944	5.0	140.78666591644287
140	3.0440533	1.3477981	4.4183817	0.0	129.125	0.4104167	0.65000004	0.05	0.50625	0.65000004	0.2	0.35	2.3993688	253.0	120.416664	4.0	8.708333	0.0	10.8059225	4.8333335	141.03225898742676
141	3.2866762	1.1074668	4.7535353	0.65000004	136.70833	0.48564357	0.8	0.15	0.59000003	0.8	0.3	0.45000002	1.661404	198.0	126.083336	4.2083335	10.625	0.0	12.987727	5.0833335	140.68045449256897
142	3.4469206	1.3715471	4.716191	0.0	111.875	0.49174762	0.90000004	0.1	0.6	0.90000004	0.25	0.45000002	1.9729649	202.0	103.666664	4.2916665	8.208333	0.0	11.848079	5.0833335	141.0160882472992
143	3.4489663	1.0799577	4.822168	1.1076924	131.75	0.46238095	0.8	0.1	0.55	0.8	0.3	0.35	2.2477245	214.0	122.625	4.375	9.125	0.0	10.196641	5.625	137.50174808502197
144	3.180905	1.2453202	4.5263495	0.2	143.33333	0.429	0.75	0.1	0.56428576	0.75	0.3	0.3	2.4636002	202.0	133.625	4.1666665	9.708333	0.0	11.19971	5.375	135.8458514213562
145	3.2740421	1.2100358	4.8377776	0.6857143	137.41667	0.446	0.8	0.05	0.54	0.8	0.25	0.35	2.1772828	189.0	129.125	4.1666665	8.291667	0.0	13.157832	4.9583335	133.38060307502747
146	3.4690654	1.1571926	4.547171	0.45333335	137.79167	0.45047617	0.75	0.1	0.51	0.75	0.2	0.5	1.8183477	151.0	126.958336	4.375	10.833333	0.0	11.846764	5.4583335	137.2481734752655
147	3.4117777	1.3955184	5.0555844	0.2	142.29167	0.569802	0.95	0.15	0.5666666	0.95	0.15	0.35	1.6995398	221.0	132.20833	4.2083335	10.083333	0.0	11.1150055	5.3333335	135.58727073669434
148	3.0134518	1.2607934	4.361585	0.2	140.16667	0.3927835	0.7	0.1	0.4857143	0.7	0.3	0.4	2.2555726	212.0	132.125	4.0416665	8.041667	0.0	10.373775	4.8333335	129.97546553611755
149	3.1115959	1.0707186	4.333362	0.2	148.54167	0.42178217	0.8	0.1	0.4777778	0.8	0.1	0.4	2.0659773	179.0	138.75	4.2083335	9.791667	0.0	10.808501	5.2916665	139.02327370643616
150	3.156956	1.4005156	4.4	0.0	142.33333	0.47552085	0.75	0.2	0.57500005	0.75	0.25	0.3	2.2017481	204.0	133.125	4.0	9.208333	0.0	11.915021	5.125	133.13103938102722
151	3.5453355	1.0376904	4.3511114	0.0	123.208336	0.49158877	0.85	0.1	0.65	0.85	0.35	0.2	2.4597564	198.0	114.25	4.4583335	8.958333	0.0	10.999736	5.2083335	140.30702114105225
152	3.2456343	1.3418491	4.8968496	0.6181818	126.708336	0.5035714	0.8	0.15	0.53333336	0.8	0.15	0.45000002	2.0942633	211.0	118.875	4.0833335	7.8333335	0.0	11.714233	5.125	135.49534940719604
153	3.6490202	1.1480126	4.744589	0.0	119.5	0.4819444	0.85	0.05	0.59999996	0.85	0.35	0.35	2.0842345	203.0	109.458336	4.5	10.041667	0.0	11.937091	5.5833335	141.41306376457214
154	3.1056433	1.4739789	4.912028	0.0	125.291664	0.4885417	0.90000004	0.1	0.59375	0.90000004	0.3	0.25	2.3608854	205.0	116.875	4.0	8.416667	0.0	8.47604	5.2083335	133.01734113693237
155	3.1289227	1.3924679	4.4464984	0.0	129.83333	0.46391752	0.8	0.15	0.61428577	0.8	0.4	0.45000002	1.7888883	216.0	121.5	4.0416665	8.333333	0.0	10.699672	5.2083335	134.59320497512817
156	3.1316502	1.1211492	4.5749493	0.9142856	159.66667	0.50252527	0.90000004	0.15	0.63571435	0.90000004	0.25	0.5	1.7398278	198.0	150.66667	4.125	9.0	0.0	15.524239	5.0	136.1163158416748
157	3.35027	1.0724603	4.7761903	0.93333334	129.91667	0.50240386	0.8	0.15	0.65833336	0.8	0.55	0.6	1.6686634	216.0	119.833336	4.3333335	10.083333	0.0	10.43633	5.6666665	135.8657054901123
158	3.2953122	1.2176875	4.6126986	0.5777778	139.20833	0.5019802	0.90000004	0.05	0.6277778	0.90000004	0.25	0.45000002	1.8536818	227.0	130.20833	4.2083335	9.0	0.0	15.208102	5.4583335	139.09499073028564
159	3.7752798	1.0110056	4.4951434	0.2	115.458336	0.48616073	0.8	0.1	0.59000003	0.8	0.4	0.5	1.6627989	193.0	105.583336	4.6666665	9.875	0.0	9.866265	5.8333335	145.56721949577332
160	3.355788	1.2108221	4.4635043	0.0	123.958336	0.49059406	0.85	0.15	0.65000004	0.85	0.45000002	0.35	2.1688905	160.0	114.333336	4.2083335	9.625	0.0	9.59172	5.4583335	137.71177506446838
161	3.4403477	1.2930018	5.0117464	0.2	131.95833	0.49326923	0.90000004	0.1	0.5045455	0.90000004	0.15	0.35	2.5092583	217.0	123.125	4.3333335	8.833333	0.0	12.509931	5.3333335	139.74138116836548
162	3.2483265	1.0649309	4.44	0.69090915	147.58333	0.48774505	0.85	0.05	0.6	0.85	0.4	0.2	2.4979813	192.0	138.91667	4.25	8.666667	0.0	15.2555895	5.0833335	140.0796823501587
163	3.346796	1.249856	4.5049353	0.2	113.875	0.46019414	0.8	0.15	0.53333336	0.8	0.25	0.35	2.1438923	212.0	104.625	4.2916665	9.25	0.0	8.625337	5.3333335	136.91347002983093
164	3.3970325	1.4676683	4.7967033	0.2	148.70833	0.5318182	0.85	0.2	0.65000004	0.85	0.3	0.3	2.3088005	217.0	139.04167	4.125	9.666667	0.0	11.261143	5.4583335	136.74260067939758
165	3.5960321	0.91555595	4.524493	1.5777779	131.375	0.46909097	0.8	0.05	0.59090906	0.8	0.35	0.45000002	1.8908001	241.0	121.041664	4.5833335	10.333333	0.0	10.534232	5.5833335	141.22764325141907
166	3.447293	1.3384641	4.66	0.0	124.791664	0.49174756	0.85	0.1	0.58000004	0.85	0.1	0.45000002	1.7708288	203.0	114.541664	4.2916665	10.25	0.0	9.133609	5.5	137.93700194358826
167	3.0647202	1.3727789	4.654945	0.0	135.625	0.45721647	0.8	0.1	0.575	0.8	0.25	0.45000002	1.7738082	154.0	127.75	4.0416665	7.875	0.0	12.950667	5.125	133.46436524391174
168	3.7520485	0.8423752	4.6	1.0	125.583336	0.49241072	0.85	0.15	0.6642857	0.85	0.5	0.4	1.8014517	214.0	114.875	4.6666665	10.708333	0.0	8.727554	6.1666665	145.05778884887695
169	3.2932968	1.0966436	4.3636365	0.76363635	140.20833	0.5262136	0.8	0.2	0.65833336	0.8	0.5	0.25	2.4917257	175.0	131.25	4.2916665	8.958333	0.0	11.695437	5.0833335	137.087965965271
170	3.2383041	1.3017771	4.5634923	0.4888889	122.083336	0.4935643	0.90000004	0.1	0.59090906	0.90000004	0.3	0.2	2.3072104	195.0	113.291664	4.2083335	8.791667	0.0	9.103583	5.375	133.59969782829285
171	3.5614936	1.1206361	4.595804	0.2	134.875	0.4801887	0.85	0.1	0.63888884	0.85	0.3	0.45000002	2.1717734	167.0	124.875	4.4166665	10.0	0.0	17.637526	5.5416665	136.1759262084961
172	3.3321466	1.1870124	4.561905	0.0	132.625	0.42912623	0.8	0.1	0.53125	0.8	0.1	0.3	2.1496215	207.0	123.666664	4.2916665	8.958333	0.0	9.213321	5.0833335	134.65042185783386
173	3.0445423	1.4299941	4.429365	0.0	134.375	0.46578947	0.90000004	0.1	0.675	0.90000004	0.4	0.35	2.1747222	198.0	126.958336	3.9583333	7.4166665	0.0	10.968005	4.6666665	133.9076371192932
174	3.4767363	1.2800204	4.620979	0.0	124.416664	0.49563107	0.8	0.1	0.6111111	0.8	0.15	0.2	2.2444663	184.0	114.583336	4.2916665	9.833333	0.0	10.732769	5.2083335	139.9445447921753
175	3.128793	1.2032783	4.4615383	0.2	147.66667	0.44141415	0.90000004	0.05	0.51666665	0.90000004	0.1	0.15	2.9203095	162.0	137.33333	4.125	10.333333	0.0	15.431442	5.2916665	136.07205629348755
176	3.5459769	1.0108213	4.62467	0.97777784	125.041664	0.49259263	0.90000004	0.1	0.5375	0.90000004	0.15	0.35	2.23929	217.0	114.916664	4.5	10.125	0.0	10.282535	5.4583335	138.5694661140442
177	3.6548927	1.1275475	4.9944444	0.5846154	120.958336	0.53504676	0.90000004	0.2	0.6545455	0.90000004	0.25	0.45000002	1.9602385	144.0	111.666664	4.4583335	9.291667	0.0	8.995774	5.0833335	131.26620197296143
178	3.9249916	0.8339906	4.666667	0.7733334	118.875	0.5380531	0.90000004	0.2	0.62272733	0.90000004	0.25	0.45000002	1.8465592	178.0	108.25	4.7083335	10.625	0.0	9.896587	6.0	161.48104119300842
179	3.704546	1.0978769	5.125641	0.2	138.16667	0.52110094	0.85	0.15	0.6	0.85	0.3	0.3	2.0173523	206.0	128.83333	4.5416665	9.333333	0.0	13.818929	5.3333335	137.23978304862976
180	3.166909	1.333255	4.581299	0.0	125.125	0.4418367	0.75	0.1	0.56666666	0.75	0.4	0.5	1.839744	145.0	116.5	4.0833335	8.625	0.0	9.793721	4.875	129.76958680152893
181	3.5447178	1.2771966	4.577778	0.5846154	123.375	0.5295238	0.90000004	0.2	0.57500005	0.90000004	0.25	0.35	2.3785264	168.0	114.041664	4.375	9.333333	0.0	11.430846	5.5416665	132.1701958179474
182	3.44602	1.3490399	4.6060605	0.0	114.583336	0.5264706	0.90000004	0.1	0.665	0.90000004	0.4	0.45000002	1.9387224	199.0	105.916664	4.25	8.666667	0.0	9.519866	5.2083335	134.69235754013062
183	3.701121	1.2068982	4.6810255	0.2	130.625	0.47522938	0.8	0.1	0.58000004	0.8	0.15	0.4	1.8297117	138.0	120.458336	4.5416665	10.166667	0.0	10.432308	5.75	135.6558609008789
184	3.4942424	1.2440684	4.551515	0.0	126.125	0.5048544	0.8	0.1	0.65	0.8	0.4	0.5	2.1287255	200.0	117.5	4.2916665	8.625	0.0	11.5911255	5.2916665	127.97781920433044
185	3.2649791	1.2398187	4.6533337	0.0	149.33333	0.51836735	0.90000004	0.15	0.6125	0.90000004	0.25	0.5	2.0209894	172.0	140.125	4.0833335	9.208333	0.0	10.667348	5.125	137.81261825561523
186	3.490784	1.0739137	4.5112667	0.6	134.29167	0.5266355	0.90000004	0.15	0.75	0.90000004	0.55	0.35	2.2930312	147.0	125.416664	4.4583335	8.875	0.0	12.765859	5.5416665	129.3675389289856
187	3.633356	0.84147185	4.608788	0.8888889	121.541664	0.4941442	0.90000004	0.15	0.6625	0.90000004	0.4	0.25	2.084633	217.0	110.291664	4.625	11.25	0.0	8.326282	6.0416665	139.59771060943604
188	3.7229404	1.0556899	4.809524	0.53333336	126.208336	0.47018346	0.85	0.05	0.64500004	0.85	0.45000002	0.45000002	1.968787	210.0	115.25	4.5416665	10.958333	0.0	8.036659	5.75	137.1008484363556
189	3.1706066	1.336158	4.530317	0.2	126.25	0.48899996	0.8	0.15	0.62222224	0.8	0.45000002	0.25	2.3656611	237.0	118.208336	4.1666665	8.041667	0.0	15.015344	5.0833335	133.3900761604309
190	3.3906052	1.0937254	4.640635	0.0	136.70833	0.49855772	0.85	0.1	0.54999995	0.85	0.15	0.2	2.1224651	219.0	126.708336	4.3333335	10.0	0.0	9.775784	5.4166665	141.2729892730713
191	3.4147167	1.1093105	5.0157576	0.7294118	144.33333	0.5926471	0.95	0.15	0.67999995	0.95	0.4	0.35	2.0136554	148.0	135.58333	4.25	8.75	0.0	15.6498995	5.0416665	128.18403339385986
192	3.0736866	1.2828948	4.577754	0.50666666	153.58333	0.49787232	0.90000004	0.15	0.6611111	0.90000004	0.35	0.6	1.534668	207.0	144.91667	3.9166667	8.666667	0.0	13.987385	4.8333335	128.04501152038574
193	3.085469	1.3474823	4.5535045	0.44705883	143.29167	0.4384211	0.75	0.1	0.52500004	0.75	0.25	0.55	1.8413305	191.0	134.0	3.9583333	9.291667	0.0	7.74757	4.8333335	128.2722282409668
194	3.6608286	1.1823814	4.977014	1.1428571	125.458336	0.5742991	1.0	0.15	0.74	1.0	0.4	0.35	1.8811502	173.0	115.541664	4.4583335	9.916667	0.0	8.318797	5.7083335	135.70568466186523
195	3.779855	0.81873643	4.6199136	1.8142856	111.791664	0.5263393	0.90000004	0.1	0.6	0.90000004	0.2	0.4	2.1032107	193.0	101.458336	4.6666665	10.333333	0.0	9.79224	5.9166665	141.7818205356598
196	3.3219373	1.3284193	4.90101	0.0	114.833336	0.51000005	0.85	0.15	0.60625	0.85	0.3	0.4	1.8899603	172.0	106.916664	4.1666665	7.9166665	0.0	9.339257	4.6666665	131.22603702545166
197	3.6086628	0.925298	4.577778	1.5555556	123.083336	0.48287034	0.8	0.15	0.5375	0.8	0.2	0.35	1.824332	192.0	113.833336	4.5	9.25	0.0	10.9086	5.7916665	137.79696679115295
198	3.841719	0.77756155	4.8972583	1.712088	130.375	0.5371681	0.85	0.1	0.65555555	0.85	0.35	0.25	2.4260278	177.0	120.083336	4.7083335	10.291667	0.0	11.061465	5.5833335	143.83485579490662
199	3.7041118	1.3524268	4.9533334	0.0	106.416664	0.60761905	0.90000004	0.15	0.7166667	0.90000004	0.35	0.5	1.7975197	141.0	97.5	4.375	8.916667	0.0	7.790375	5.3333335	131.64686727523804
200	3.3117228	1.248714	4.7	0.62222224	138.25	0.48850003	0.8	0.1	0.53888893	0.8	0.25	0.35	2.3977437	172.0	128.625	4.1666665	9.625	0.0	9.6811	5.5	134.8939287662506
201	3.331227	1.3532587	4.6547294	0.0	123.041664	0.48480392	0.75	0.15	0.56111115	0.75	0.3	0.15	2.8281035	130.0	113.958336	4.25	9.083333	0.0	10.49714	5.1666665	130.06728506088257
202	3.5160038	1.1767491	4.7490196	0.0	133.58333	0.45904762	0.95	0.15	0.65625	0.95	0.15	0.3	2.019178	199.0	123.291664	4.375	10.291667	0.0	11.528684	5.75	128.78747606277466
203	3.3812811	1.2620243	4.406349	0.2	116.875	0.43495145	0.8	0.05	0.5318182	0.8	0.3	0.35	1.9601911	191.0	107.0	4.2916665	9.875	0.0	14.284321	5.2916665	131.57828330993652
204	3.5787933	1.0320107	4.5572653	0.8666667	127.958336	0.49629635	0.85	0.2	0.61	0.85	0.25	0.3	2.0570354	207.0	119.208336	4.5	8.75	0.0	13.138064	5.1666665	131.38795471191406
205	3.3616664	1.4213747	4.873077	0.0	128.20833	0.5504902	0.95	0.15	0.68888885	0.95	0.15	0.35	2.163493	187.0	118.458336	4.25	9.75	0.0	8.335992	5.4583335	134.5429825782776
206	3.2342422	1.086977	4.4685717	0.54545456	144.54167	0.44514567	0.75	0.15	0.52500004	0.75	0.35	0.35	1.9518585	168.0	134.5	4.2916665	10.041667	0.0	11.633064	5.4583335	130.40202474594116
207	3.742284	0.7688586	4.4984016	0.9846154	125.875	0.4654867	0.8	0.15	0.50000006	0.8	0.25	0.3	1.9560127	199.0	115.875	4.7083335	10.0	0.0	10.7717285	5.8333335	137.27076649665833
208	3.5051787	0.9257148	4.628788	1.6666666	128.08333	0.4224771	0.85	0.0	0.55714285	0.85	0.15	0.35	1.8047374	224.0	118.708336	4.5416665	9.375	0.0	10.816865	5.6666665	137.20115113258362
209	3.1980956	1.2263322	4.385294	0.6	160.125	0.43910894	0.85	0.1	0.6	0.85	0.35	0.35	2.0530376	181.0	149.91667	4.2083335	10.208333	0.0	11.613759	5.2916665	134.77917504310608
210	3.292307	1.3297611	4.500769	0.2	149.125	0.45450002	0.8	0.1	0.62857145	0.8	0.4	0.2	2.3470597	214.0	140.54167	4.1666665	8.583333	0.0	12.807443	4.9583335	134.09517359733582
211	3.6479568	1.1380042	4.680808	0.8888889	119.708336	0.5217593	0.85	0.15	0.6227273	0.85	0.4	0.4	2.1484942	215.0	108.958336	4.5	10.75	0.0	9.866541	5.2916665	133.77630829811096
212	3.4467385	1.2481424	4.490909	0.2	115.333336	0.46981135	0.75	0.1	0.57	0.75	0.3	0.55	1.6984619	151.0	107.041664	4.4166665	8.291667	0.0	11.814476	5.3333335	132.28300952911377
213	3.1788921	1.4556382	4.4041023	0.0	137.91667	0.48418367	0.8	0.15	0.625	0.8	0.4	0.6	1.5499613	174.0	127.291664	4.0833335	10.625	0.0	8.907063	5.625	127.54744029045105
214	3.3894508	1.4022206	4.62	0.0	126.458336	0.5553922	0.85	0.2	0.65625	0.85	0.45000002	0.5	1.521485	223.0	117.375	4.25	9.083333	0.0	12.918317	5.2916665	130.27742552757263
215	3.4337075	1.3837779	4.7619047	0.0	129.5	0.50784314	0.85	0.1	0.625	0.85	0.4	0.45000002	1.8753942	199.0	119.541664	4.25	9.958333	0.0	12.737905	5.5416665	130.23264861106873
216	3.4001396	1.121492	4.9933333	0.6105263	152.83333	0.509406	0.8	0.15	0.56363636	0.8	0.2	0.4	1.8710229	146.0	143.45833	4.2083335	9.375	0.0	12.59668	5.375	131.28897166252136
217	3.489518	1.3448005	4.5492063	0.0	114.5	0.56407773	0.90000004	0.2	0.665	0.90000004	0.35	0.8	1.1349819	187.0	105.541664	4.2916665	8.958333	0.0	7.828234	5.0833335	130.44362092018127
218	3.259473	1.4072855	4.711844	0.0	145.875	0.46581635	0.8	0.15	0.55	0.8	0.3	0.45000002	1.7699648	179.0	136.95833	4.0833335	8.916667	0.0	13.904765	5.4166665	130.18085074424744
219	3.6019504	1.2078427	4.7619557	0.2	118.541664	0.4810185	0.75	0.1	0.6125001	0.75	0.3	0.55	1.471427	143.0	108.333336	4.5	10.208333	0.0	10.202653	6.0416665	134.8754062652588
220	3.3905532	1.2988297	4.684163	0.54545456	135.16667	0.47892156	0.8	0.1	0.64	0.8	0.4	0.5	1.6866567	160.0	125.625	4.25	9.541667	0.0	14.998245	5.5833335	130.5130898952484
221	3.41016	1.154107	4.56	0.93333334	135.45833	0.4907767	0.85	0.1	0.625	0.85	0.3	0.45000002	1.6042602	190.0	125.541664	4.2916665	9.916667	0.0	9.8649645	5.75	135.7156846523285
222	3.493617	1.1917167	4.747319	0.48421052	127.833336	0.5174758	0.85	0.15	0.5888889	0.85	0.15	0.5	1.6503671	182.0	118.916664	4.2916665	8.916667	0.0	10.632243	5.1666665	133.9340045452118
223	3.3569336	1.1643207	4.449524	0.0	137.83333	0.4441748	0.8	0.15	0.6	0.8	0.4	0.4	1.6910875	168.0	128.70833	4.2916665	9.125	0.0	11.776584	5.1666665	134.27357006072998
224	3.8574708	0.8435771	4.8304763	0.9142857	114.0	0.52767855	0.90000004	0.1	0.6333334	0.90000004	0.35	0.25	2.0430577	239.0	102.916664	4.6666665	11.083333	0.0	9.037335	5.9583335	135.7494194507599
225	3.6321537	1.0327948	4.4542856	0.0	112.666664	0.49082568	0.8	0.05	0.6	0.8	0.3	0.5	1.8643007	219.0	103.625	4.5416665	9.041667	0.0	8.913789	5.5	133.9179675579071
226	3.7320545	0.7335568	4.64	1.9961538	119.791664	0.46946904	0.8	0.15	0.6055556	0.8	0.35	0.25	2.20227	175.0	110.0	4.7083335	9.791667	0.0	9.928917	5.9583335	133.55425000190735
227	3.7412813	0.9103589	4.6667533	1.0352942	111.916664	0.55044645	0.90000004	0.1	0.6714286	0.90000004	0.45000002	0.55	1.299242	186.0	101.083336	4.6666665	10.833333	0.0	7.565252	6.0416665	138.4226279258728
228	3.0776818	1.4694457	4.377778	0.0	125.916664	0.50842106	0.85	0.1	0.60714287	0.85	0.2	0.6	1.4449413	199.0	118.25	3.9583333	7.6666665	0.0	7.9872723	4.7083335	127.5886082649231
229	3.4459913	1.4922467	4.8207793	0.0	134.375	0.5762377	0.90000004	0.1	0.62857145	0.90000004	0.15	0.45000002	1.6688982	191.0	126.25	4.2083335	8.125	0.0	10.019822	4.9583335	132.52348947525024
230	3.2327569	1.2243243	4.5636363	0.62222224	141.08333	0.48585856	0.8	0.15	0.6	0.8	0.35	0.35	1.4781408	203.0	131.41667	4.125	9.666667	0.0	13.758728	5.3333335	131.28129076957703
231	3.4202595	1.435329	4.6860604	0.0	140.375	0.49950492	0.8	0.15	0.5833333	0.8	0.25	0.5	1.9965255	158.0	130.91667	4.2083335	9.458333	0.0	10.063403	5.3333335	132.13562035560608
232	3.1846542	1.3913918	4.855983	0.0	139.5	0.4902062	0.85	0.05	0.595	0.85	0.2	0.3	2.482407	205.0	130.625	4.0416665	8.875	0.0	11.570876	4.9166665	129.06080031394958
233	3.1701725	1.1312077	4.4464645	0.56	147.0	0.4455	0.75	0.05	0.5277778	0.75	0.25	0.45000002	1.9093052	177.0	139.375	4.1666665	7.625	0.0	12.227124	5.25	133.0054862499237
234	3.2767773	1.396728	4.833766	0.0	124.583336	0.5215	0.85	0.0	0.595	0.85	0.25	0.45000002	1.7942617	209.0	115.291664	4.1666665	9.291667	0.0	11.993668	5.25	129.11569142341614
235	3.3695462	1.0906004	4.546809	0.5777778	133.45833	0.5158654	0.85	0.0	0.60833335	0.85	0.25	0.4	1.9742769	156.0	124.666664	4.3333335	8.791667	0.0	14.428981	5.375	130.0514895915985
236	3.751156	0.90929115	4.8629603	1.0400001	123.333336	0.5427928	0.8	0.15	0.6333333	0.8	0.3	0.6	1.348366	223.0	113.166664	4.625	10.166667	0.0	10.144485	5.8333335	130.00535678863525
237	3.0381193	1.506449	4.664935	0.0	131.0	0.49838713	0.8	0.1	0.6388889	0.8	0.5	0.5	1.4800445	243.0	122.0	3.875	9.0	0.0	12.24453	4.9166665	121.27760171890259
238	3.512704	1.0237097	4.7145786	0.8727273	114.708336	0.4911215	0.95	0.1	0.625	0.95	0.35	0.4	1.8874794	169.0	105.625	4.4583335	9.083333	0.0	6.9116693	5.5833335	130.46694374084473
239	3.620203	1.2092447	4.5863156	0.2	120.0	0.53224295	0.85	0.2	0.54285717	0.85	0.2	0.55	1.5702451	217.0	111.0	4.4583335	9.0	0.0	10.503389	5.5416665	135.64698696136475
240	3.61701	0.938548	4.6258044	0.63529414	133.625	0.51146793	0.90000004	0.15	0.6166667	0.90000004	0.15	0.6	1.403271	150.0	124.208336	4.5416665	9.416667	0.0	12.3693695	5.3333335	142.92135763168335
241	3.1506774	1.3544168	4.820806	0.0	157.0	0.44536084	0.85	0.15	0.53846157	0.85	0.25	0.5	1.6889064	138.0	148.0	4.0416665	9.0	0.0	10.693048	5.4166665	131.40914916992188
242	3.5511942	1.1846995	4.554632	0.0	139.95833	0.5285714	0.90000004	0.05	0.70000005	0.90000004	0.5	0.3	2.2704234	132.0	131.66667	4.375	8.291667	0.0	11.241326	5.4583335	134.0533046722412
243	3.3292172	1.3721775	4.7719483	0.8235294	121.875	0.56326526	0.85	0.1	0.61875	0.85	0.1	0.5	1.6180875	144.0	112.708336	4.0833335	9.166667	0.0	12.027359	5.2916665	122.9206211566925
244	3.162124	1.3010855	4.5845885	0.0	146.0	0.5268041	0.85	0.15	0.6625	0.85	0.35	0.5	1.5274167	212.0	136.41667	4.0416665	9.583333	0.0	12.220085	5.0833335	124.23532032966614
245	3.7535026	0.804234	4.6025176	1.7764705	123.791664	0.51711714	0.85	0.15	0.6222222	0.85	0.45000002	0.45000002	1.5743657	164.0	112.5	4.625	11.291667	0.0	8.791938	5.7083335	132.752699136734
246	3.277846	1.1413289	4.6503463	0.8666667	145.125	0.54747474	0.8	0.15	0.57500005	0.8	0.25	0.5	1.7321007	188.0	134.83333	4.125	10.291667	0.0	13.903325	5.6666665	122.88941073417664
247	3.5560567	0.9368387	4.544872	1.7555555	132.25	0.5392523	0.95	0.2	0.59583336	0.95	0.2	0.5	1.6718187	188.0	123.125	4.4583335	9.125	0.0	12.215916	5.5	133.11411833763123
248	2.9367144	1.5279006	4.624087	0.2	130.33333	0.45000002	0.75	0.15	0.54	0.75	0.25	0.3	2.0526123	153.0	122.958336	3.875	7.375	0.0	11.185414	4.5	127.72238087654114
249	3.7526646	0.8351916	4.65439	1.5846153	115.875	0.5432432	0.85	0.2	0.63125	0.85	0.4	0.55	1.6689532	170.0	103.875	4.625	12.0	0.0	7.61331	6.0416665	130.4916477203369
250	3.418216	1.3474196	4.7885714	0.0	128.83333	0.5315534	0.90000004	0.1	0.6636364	0.90000004	0.35	0.4	1.7731678	133.0	119.708336	4.2916665	9.125	0.0	9.738776	5.5416665	131.58885836601257
251	3.3402376	0.9569208	4.5190477	1.0133333	146.25	0.5195238	0.8	0.05	0.54444444	0.8	0.2	0.25	2.0512831	170.0	136.70833	4.375	9.541667	0.0	11.664447	5.625	132.2286548614502
252	3.6087863	1.2323757	4.8263736	0.0	133.20833	0.525	0.85	0.1	0.65625	0.85	0.35	0.5	1.7801688	135.0	124.083336	4.3333335	9.125	0.0	10.447769	5.5	128.77604150772095
253	3.474366	1.4953202	4.6653967	0.0	121.333336	0.55544555	0.85	0.2	0.6458333	0.85	0.35	0.3	2.2539098	151.0	112.333336	4.2083335	9.0	0.0	11.975001	5.5	127.48033785820007
254	3.7700179	0.8429014	4.6349206	0.55	116.333336	0.5508929	0.85	0.15	0.6722222	0.85	0.5	0.3	1.9404888	125.0	107.0	4.6666665	9.333333	0.0	11.939552	5.7083335	136.97136330604553
255	3.2228508	1.3183341	4.751948	0.56842107	145.95833	0.52020204	0.85	0.1	0.6388889	0.85	0.35	0.45000002	1.7811159	144.0	136.58333	4.125	9.375	0.0	10.338073	5.2916665	131.02640438079834
256	3.3997886	1.1140234	4.501818	1.0181818	141.0	0.46747574	0.7	0.15	0.5357143	0.7	0.35	0.3	2.2041912	213.0	131.16667	4.2916665	9.833333	0.0	10.534504	5.5	135.11028575897217
257	3.4033039	1.3192589	5.0507936	0.6	134.95833	0.54362744	0.90000004	0.2	0.725	0.90000004	0.3	0.3	1.9131453	186.0	126.541664	4.25	8.416667	0.0	11.384529	5.4583335	134.12213587760925
258	3.8170087	1.2189469	5.0043955	0.0	115.416664	0.57222223	0.95	0.15	0.6388889	0.95	0.25	0.4	1.8615978	130.0	104.916664	4.5	10.5	0.0	8.103276	5.7916665	131.3724558353424
259	3.5661476	1.172734	4.826667	0.0	133.33333	0.51826924	0.95	0.1	0.62777776	0.95	0.35	0.6	2.0048633	153.0	123.25	4.3333335	10.083333	0.0	9.040932	5.4583335	131.83527755737305
260	3.490257	1.1881907	4.746667	0.9777778	154.91667	0.52669907	0.90000004	0.15	0.6571428	0.90000004	0.4	0.4	1.6933644	205.0	144.375	4.2916665	10.541667	0.0	9.57895	5.7083335	137.9518747329712
261	3.3015099	1.4354284	4.8527474	0.2	135.33333	0.6092784	0.95	0.2	0.6545454	0.95	0.3	0.35	2.0258534	189.0	126.916664	4.0416665	8.416667	0.0	10.947525	5.1666665	128.9760229587555
262	3.479232	1.3849297	4.766667	0.2	139.29167	0.592	0.90000004	0.15	0.6625	0.90000004	0.2	0.15	2.3024364	176.0	130.45833	4.1666665	8.833333	0.0	16.135937	5.125	129.70683455467224
263	3.481727	1.1642463	4.5396824	0.2	129.66667	0.5575472	0.90000004	0.15	0.65909094	0.90000004	0.45000002	0.4	1.7065861	163.0	119.541664	4.4166665	10.125	0.0	9.068927	5.7083335	134.30986404418945
264	3.2157784	1.4631006	4.609703	0.0	141.41667	0.4603093	0.95	0.1	0.55	0.95	0.15	0.55	1.6789192	189.0	132.41667	4.0416665	9.0	0.0	10.158919	5.125	126.87407422065735
265	3.0462005	1.5115283	4.7900434	0.2	135.41667	0.52663046	0.90000004	0.15	0.59444445	0.90000004	0.2	0.35	2.007936	173.0	127.583336	3.8333333	7.8333335	0.0	11.249649	4.75	122.84577059745789
266	3.3147557	1.5118897	4.942222	0.2	145.0	0.61093754	0.95	0.1	0.72499996	0.95	0.4	0.45000002	1.5326204	172.0	135.625	4.0	9.375	0.0	14.8698	4.9166665	125.07843732833862
267	3.7480743	1.0285922	4.8552384	1.0400001	116.25	0.5720184	0.90000004	0.2	0.6181819	0.90000004	0.2	0.45000002	1.7149931	146.0	106.416664	4.5416665	9.833333	0.0	9.070376	5.9166665	130.845938205719
268	3.7315645	1.0455632	4.8028574	0.75555557	119.583336	0.5402778	0.95	0.2	0.67999995	0.95	0.35	0.7	1.4050575	166.0	109.583336	4.5	10.0	0.0	10.806649	5.75	132.51064014434814
269	3.347997	1.357122	4.729916	0.0	140.54167	0.59949493	0.90000004	0.2	0.64285713	0.90000004	0.4	0.6	1.220716	188.0	131.91667	4.125	8.625	0.0	11.96666	4.9583335	125.37537717819214
270	3.1825674	1.487692	4.458182	0.0	130.29167	0.4510417	0.8	0.2	0.625	0.8	0.4	0.5	2.166798	181.0	121.583336	4.0	8.708333	0.0	9.285025	5.1666665	127.36135745048523
271	3.8310907	0.6920236	4.8028574	2.1485715	104.75	0.5247788	0.8	0.1	0.65	0.8	0.5	0.55	1.4938074	199.0	94.916664	4.7083335	9.833333	0.0	9.164394	5.625	131.05924773216248
272	3.1593754	1.4705485	4.6886716	0.55	142.0	0.587766	0.95	0.2	0.6555555	0.95	0.2	0.55	1.4794285	173.0	134.0	3.9166667	8.0	0.0	15.573868	4.7916665	126.79189682006836
273	3.6828306	1.1864997	4.7222967	0.2	120.75	0.549537	0.85	0.1	0.5625	0.85	0.1	0.4	1.7994572	142.0	111.375	4.5	9.375	0.0	9.976867	5.625	132.28490257263184
274	3.7279484	1.194187	5.024762	0.0	131.54167	0.5552381	0.90000004	0.1	0.6545454	0.90000004	0.35	0.5	1.5074813	160.0	122.75	4.375	8.791667	0.0	11.4701805	5.25	135.7808802127838
275	3.2999356	1.3843573	4.838095	0.45714283	124.166664	0.58811885	0.90000004	0.25	0.69	0.90000004	0.45000002	0.45000002	1.5050503	205.0	116.541664	4.2083335	7.625	0.0	11.950782	5.1666665	130.46950840950012
276	3.705143	0.90554875	4.7638097	1.2444445	131.16667	0.5490826	0.85	0.15	0.6944444	0.85	0.5	0.6	1.3751726	181.0	120.958336	4.5416665	10.208333	0.0	9.442795	5.75	134.52681756019592
277	3.3624065	1.5264955	5.3660607	0.0	147.79167	0.63469386	0.95	0.3	0.67777777	0.95	0.3	0.5	1.2326643	195.0	137.75	4.0833335	10.041667	0.0	10.79184	4.75	129.43686652183533
278	3.643982	0.9927171	4.7155557	0.45714283	150.70833	0.54575473	0.90000004	0.2	0.64090914	0.90000004	0.25	0.55	1.4438405	195.0	141.29167	4.4166665	9.416667	0.0	14.927872	5.2083335	130.46500086784363
279	3.6325462	1.1174604	4.7822223	1.2	125.083336	0.5599057	0.95	0.2	0.67142856	0.95	0.3	0.4	1.6232688	181.0	115.333336	4.4166665	9.75	0.0	9.647634	5.5	127.6868577003479
280	3.770456	1.189573	4.9353538	0.0	125.833336	0.5811927	0.95	0.1	0.65	0.95	0.2	0.65000004	1.29659	164.0	116.416664	4.5416665	9.416667	0.0	17.675507	5.8333335	132.55107522010803
281	3.5003445	1.2782778	5.0600467	0.59999996	125.75	0.6102941	0.95	0.1	0.68636364	0.95	0.1	0.55	1.5652838	189.0	117.666664	4.25	8.083333	0.0	11.491745	4.7916665	123.68611097335815
282	3.6478794	1.0352274	4.64	0.0	134.875	0.54587156	0.85	0.15	0.6571428	0.85	0.35	0.55	1.4042511	194.0	124.416664	4.5416665	10.458333	0.0	8.728682	5.5	129.8801727294922
283	3.6647139	1.0119867	4.6596494	0.6	116.833336	0.52272725	0.85	0.0	0.63125	0.85	0.25	0.3	1.9283228	209.0	107.416664	4.5833335	9.416667	0.0	11.9691725	5.5	134.76374697685242
284	3.491196	1.3639445	4.5751433	0.0	119.375	0.5686275	0.85	0.05	0.7	0.85	0.5	0.5	1.696217	123.0	110.625	4.25	8.75	0.0	8.502118	5.2083335	129.22591018676758
285	3.7666237	1.0848583	4.8763638	0.53333336	129.20833	0.587963	1.0	0.2	0.8055556	1.0	0.5	0.65000004	1.4005741	174.0	119.0	4.5	10.208333	0.0	10.05827	5.8333335	134.08190250396729
286	3.2508366	1.3835993	4.859394	0.0	147.25	0.5175258	0.85	0.15	0.58571434	0.85	0.3	0.55	1.7586683	219.0	137.875	4.0416665	9.375	0.0	11.651744	5.4583335	123.22504329681396
287	3.3939712	1.2745534	4.70101	0.0	121.875	0.57941175	0.95	0.2	0.64	0.95	0.2	0.75	1.0367624	201.0	112.791664	4.25	9.083333	0.0	8.882417	5.375	127.26062774658203
288	3.5970793	1.1481558	4.8707695	0.0	128.79167	0.5966346	0.95	0.25	0.6785714	0.95	0.45000002	0.4	1.6868632	193.0	120.375	4.3333335	8.416667	0.0	10.007789	5.2083335	127.11750364303589
289	3.2853737	1.4166337	4.7166963	0.0	128.70833	0.5520408	0.90000004	0.15	0.63125	0.90000004	0.4	0.5	1.72134	188.0	119.25	4.0833335	9.458333	0.0	12.317704	5.125	123.72203588485718
290	3.7103996	1.3587489	4.918681	0.0	121.541664	0.58915097	0.90000004	0.2	0.675	0.90000004	0.35	0.5	1.5755447	204.0	111.291664	4.4166665	10.25	0.0	7.950811	5.7916665	134.60917448997498
291	3.3952055	1.4453726	4.7952943	0.0	109.875	0.5767677	0.90000004	0.2	0.71875	0.90000004	0.4	0.55	1.8317795	181.0	101.333336	4.125	8.541667	0.0	6.3572364	5.4166665	128.9708912372589
292	3.682998	1.0900415	4.6952944	0.2	136.95833	0.58165133	0.95	0.15	0.685	0.95	0.4	0.45000002	1.6588694	140.0	126.166664	4.5416665	10.791667	0.0	11.115173	5.75	134.27635765075684
293	3.415014	1.2399856	4.5933332	0.5411765	127.666664	0.5886139	0.85	0.15	0.6222222	0.85	0.15	0.65000004	1.2987522	138.0	118.375	4.2083335	9.291667	0.0	11.761577	5.375	127.64195990562439
294	2.9877274	1.5055279	4.8533335	0.0	148.20833	0.5844444	0.85	0.25	0.63571423	0.85	0.45000002	0.55	1.3580203	179.0	140.0	3.75	8.208333	0.0	10.831436	4.75	119.3159248828888
295	3.2959719	1.2954783	4.877576	0.0	147.58333	0.52178216	0.85	0.15	0.6166666	0.85	0.4	0.55	1.2755792	172.0	138.70833	4.2083335	8.875	0.0	14.740452	5.1666665	125.59076595306396
296	3.5101001	1.2876866	4.6642423	0.0	134.79167	0.54754907	0.90000004	0.2	0.61875	0.90000004	0.2	0.5	1.6665525	178.0	126.208336	4.25	8.583333	0.0	14.142774	5.1666665	125.53191614151001
297	3.6890316	1.1374304	5.072381	0.61333334	147.41667	0.55330193	0.95	0.1	0.66499996	0.95	0.35	0.6	1.4096149	184.0	137.375	4.4166665	10.041667	0.0	13.498479	5.4583335	127.3474805355072
298	3.6824787	1.0152197	4.9092064	0.2	131.58333	0.56834865	0.90000004	0.15	0.625	0.90000004	0.2	0.5	2.2328491	194.0	121.5	4.5416665	10.083333	0.0	10.925919	5.7916665	134.1953740119934
299	3.4078858	1.4187627	4.896765	0.0	129.08333	0.6059406	0.95	0.15	0.72499996	0.95	0.45000002	0.5	1.7752254	132.0	120.75	4.2083335	8.333333	0.0	13.271976	5.4583335	127.69678807258606
300	3.7193801	0.96811455	4.83508	0.96000004	129.5	0.5022935	0.85	0.15	0.6125	0.85	0.25	0.55	1.733889	192.0	119.5	4.5416665	10.0	0.0	9.348689	5.7916665	128.8806858062744
301	3.4519303	1.1925553	4.670531	0.2	113.791664	0.50714284	0.8	0.2	0.6	0.8	0.45000002	0.45000002	1.513619	199.0	104.0	4.375	9.791667	0.0	6.8250384	5.875	123.48404455184937
302	3.5388908	1.0011201	4.6476192	0.9230769	124.208336	0.49345794	0.85	0.1	0.57222223	0.85	0.15	0.55	1.464187	184.0	113.666664	4.4583335	10.541667	0.0	10.342485	5.6666665	130.48021125793457
303	3.1260788	1.3079882	4.609626	0.0	140.79167	0.58684206	0.90000004	0.15	0.64444447	0.90000004	0.35	0.55	1.4186394	160.0	133.04167	3.9583333	7.75	0.0	8.893004	4.7916665	124.29015946388245
304	2.8913887	1.4744257	4.8818183	0.0	142.08333	0.539011	0.85	0.1	0.65	0.85	0.5	0.5	2.1521325	181.0	134.0	3.7916667	8.083333	0.0	9.263898	4.7916665	119.71302318572998
305	3.5149877	1.304391	4.921856	0.0	131.41667	0.5320388	0.90000004	0.25	0.665	0.90000004	0.3	0.6	1.1705649	195.0	121.416664	4.2916665	10.0	0.0	7.745426	5.3333335	127.93897247314453
306	3.436162	1.398918	4.6363635	0.0	119.083336	0.51960784	0.85	0.2	0.6222222	0.85	0.45000002	0.65000004	1.0708964	153.0	109.916664	4.25	9.166667	0.0	11.242393	5.625	134.39556407928467
307	3.4105864	1.4108535	5.517677	0.2	124.458336	0.51911765	0.95	0.1	0.68125	0.95	0.45000002	0.55	1.4569647	135.0	114.291664	4.25	10.166667	0.0	10.566895	5.625	124.13653349876404
308	3.3217669	1.2829263	4.9166965	0.2	131.625	0.5445545	0.90000004	0.05	0.54090905	0.90000004	0.2	0.65000004	1.1233591	156.0	122.083336	4.2083335	9.541667	0.0	10.074912	5.625	126.84149980545044
309	3.2892902	1.4080482	4.545055	0.0	145.66667	0.52835053	0.85	0.25	0.56363636	0.85	0.25	0.65000004	1.5928547	149.0	137.375	4.0416665	8.291667	0.0	12.431455	4.9166665	123.66490864753723
310	3.305436	1.2603185	4.7735043	0.0	146.5	0.5455	0.85	0.2	0.64285713	0.85	0.35	0.55	1.7227647	181.0	137.375	4.1666665	9.125	0.0	11.334709	5.0416665	127.78249835968018
311	3.831393	0.8801914	4.887436	1.247619	122.375	0.54727274	0.90000004	0.1	0.71666664	0.90000004	0.35	0.55	1.3437469	195.0	111.541664	4.5833335	10.833333	0.0	8.772981	5.9166665	131.40225458145142
312	3.685949	0.88026834	4.58	1.5777779	132.20833	0.566055	0.85	0.2	0.6416667	0.85	0.35	0.55	1.373173	150.0	123.083336	4.5416665	9.125	0.0	10.951642	5.7916665	130.82243728637695
313	3.430639	1.0119579	4.4261074	0.85	137.95833	0.5283654	0.90000004	0.05	0.6888889	0.90000004	0.4	0.5	1.7337997	152.0	127.916664	4.3333335	10.041667	0.0	8.94309	5.7083335	128.11914825439453
314	3.408619	1.5172778	4.8263526	0.0	125.958336	0.6277778	0.90000004	0.25	0.75	0.90000004	0.35	0.55	1.5497096	187.0	116.791664	4.125	9.166667	0.0	9.697933	5.125	124.48098063468933
315	3.2408383	1.2686391	4.56	0.0	153.5	0.5525253	1.0	0.2	0.66875005	1.0	0.45000002	0.55	1.1719428	198.0	143.70833	4.125	9.791667	0.0	9.39495	5.3333335	127.47433400154114
316	3.8071516	0.85637206	4.7883983	1.8444445	127.083336	0.52342343	0.85	0.05	0.6714286	0.85	0.4	0.45000002	1.732028	176.0	117.208336	4.625	9.875	0.0	10.381684	5.5833335	132.4417164325714
317	3.5645669	1.331231	4.738182	0.0	127.708336	0.5571429	0.95	0.15	0.675	0.95	0.2	0.55	1.4222566	135.0	118.333336	4.375	9.375	0.0	10.533351	5.2916665	126.778404712677
318	3.0633965	1.5199416	4.5070586	0.0	147.625	0.50212765	0.8	0.15	0.56875	0.8	0.35	0.5	1.6513497	144.0	138.29167	3.9166667	9.333333	0.0	9.4224615	5.0416665	123.52416276931763
319	3.5566216	1.2444353	4.741587	0.6	118.541664	0.56981134	0.90000004	0.2	0.7571429	0.90000004	0.65000004	0.5	1.9793793	158.0	108.75	4.4166665	9.791667	0.0	8.357425	5.5	129.68174958229065
320	3.4632738	1.2131957	4.772264	0.99999994	137.70833	0.5890476	0.90000004	0.15	0.66	0.90000004	0.4	0.55	1.2809052	154.0	127.75	4.375	9.958333	0.0	11.491046	5.2083335	131.4595329761505
321	3.396843	1.1045563	4.6044445	0.76363635	136.91667	0.57961166	0.90000004	0.25	0.71999997	0.90000004	0.45000002	0.55	1.7281282	184.0	126.5	4.2916665	10.416667	0.0	11.292351	5.2916665	130.22266578674316
322	3.4293888	1.05866	4.6828203	0.99999994	138.66667	0.5206731	0.85	0.2	0.65	0.85	0.4	0.75	1.164542	182.0	129.29167	4.3333335	9.375	0.0	15.572618	5.4583335	129.07053208351135
323	3.449091	1.4631994	4.8948717	0.0	122.958336	0.5186869	0.85	0.15	0.6277778	0.85	0.35	0.7	0.9405383	184.0	114.958336	4.125	8.0	0.0	12.36498	5.0416665	127.11832880973816
324	3.8569021	0.85566735	4.879481	1.224762	114.791664	0.5303572	0.90000004	0.15	0.7	0.90000004	0.5	0.6	1.4280326	118.0	105.958336	4.6666665	8.833333	0.0	9.156021	5.5	125.90236926078796
325	3.1380444	1.479345	4.6309524	0.0	140.83333	0.56473684	0.90000004	0.15	0.65714294	0.90000004	0.4	0.55	1.3303968	149.0	132.79167	3.9583333	8.041667	0.0	10.745369	5.0	123.90324521064758
326	3.3937426	1.185328	4.7219048	0.53333336	134.0	0.5349515	0.85	0.2	0.64375	0.85	0.35	0.6	1.3136634	174.0	124.916664	4.2916665	9.083333	0.0	8.447236	5.5	127.30635499954224
327	3.7316523	1.1324632	4.9742856	0.2	118.291664	0.6111111	0.95	0.2	0.70714283	0.95	0.4	0.7	1.3636401	164.0	108.875	4.5	9.416667	0.0	9.937121	5.5416665	127.51441025733948
328	3.3527539	1.2611221	4.757576	0.2	125.291664	0.5742574	0.90000004	0.15	0.71000004	0.90000004	0.5	0.6	1.2326187	179.0	115.916664	4.2083335	9.375	0.0	10.88609	5.2916665	149.5444893836975
329	3.4044158	1.5356243	5.2	0.0	140.375	0.6417526	0.95	0.2	0.75714284	0.95	0.55	0.6	1.873431	189.0	131.5	4.0416665	8.875	0.0	9.5684395	5.2083335	156.13358163833618
330	3.764953	1.1012799	4.743723	0.2	100.583336	0.5718182	0.90000004	0.2	0.69285715	0.90000004	0.35	0.55	1.5207837	176.0	92.166664	4.5833335	8.416667	0.0	9.32547	5.4583335	126.32358932495117
331	3.8088894	0.97920823	5.1750426	0.9777778	111.458336	0.54062504	0.95	0.05	0.665	0.95	0.2	0.65000004	1.3132967	151.0	102.458336	4.6666665	9.0	0.0	9.022239	5.5833335	129.8346917629242
332	3.716484	0.98891276	4.7508225	0.6105263	130.83333	0.53119266	0.90000004	0.1	0.56874996	0.90000004	0.3	0.55	1.2770371	191.0	120.125	4.5416665	10.708333	0.0	10.394666	5.4166665	131.77401995658875
333	3.3927536	1.3728374	4.762857	0.0	133.91667	0.57449996	0.85	0.15	0.7	0.85	0.6	0.55	1.4708467	176.0	125.166664	4.1666665	8.75	0.0	9.636116	5.0416665	126.73553848266602
334	3.6407883	1.0783473	4.8114285	0.61333334	135.5	0.5615741	0.90000004	0.15	0.65000004	0.90000004	0.2	0.45000002	2.2960563	163.0	125.083336	4.5	10.416667	0.0	12.505516	6.0833335	130.9242832660675
335	3.663805	1.0887458	4.9803753	0.2	130.20833	0.61203694	0.90000004	0.2	0.675	0.90000004	0.35	0.65000004	1.2026916	174.0	119.125	4.5	11.083333	0.0	7.903879	5.5833335	128.97899651527405
336	3.0720599	1.5538222	4.7757573	0.0	149.625	0.5758065	0.95	0.3	0.65909094	0.95	0.35	0.55	1.3186212	146.0	141.70833	3.875	7.9166665	0.0	16.481504	4.6666665	129.52442908287048
337	3.608792	0.9845851	4.7596416	1.2685314	124.708336	0.5788991	0.90000004	0.05	0.63124996	0.90000004	0.4	0.4	1.5183189	176.0	115.291664	4.5416665	9.416667	0.0	11.63324	5.6666665	129.85982632637024
338	3.2470162	1.4113352	4.6996827	0.0	138.375	0.5742425	0.95	0.2	0.6625	0.95	0.35	0.4	2.1237807	156.0	129.875	4.125	8.5	0.0	10.258655	5.2916665	122.04248046875
339	3.2040405	1.5268673	4.503896	0.0	145.25	0.5046875	0.8	0.15	0.58000004	0.8	0.35	0.4	1.8942219	197.0	136.54167	4.0	8.708333	0.0	11.878853	4.75	119.36655235290527
340	3.5121791	1.4403208	4.9142857	0.2	118.708336	0.5643564	0.95	0.15	0.71875	0.95	0.35	0.4	1.631431	151.0	109.041664	4.2083335	9.666667	0.0	12.456792	5.2083335	120.62900352478027
341	3.259017	1.372794	4.8394227	0.2	155.875	0.61927086	0.95	0.2	0.78125	0.95	0.35	0.35	1.7123601	164.0	147.45833	4.0	8.416667	0.0	11.110204	4.9583335	125.89210605621338
342	2.9195144	1.1216187	4.6	0.0	165.16667	0.5163044	0.8	0.1	0.67	0.8	0.45000002	0.5	1.707639	142.0	157.25	3.8333333	7.9166665	0.0	14.230103	4.7916665	121.85650372505188
343	3.1749706	1.3145701	4.6444445	0.2	136.5	0.5954546	0.85	0.1	0.71000004	0.85	0.45000002	0.6	1.3431526	173.0	128.20833	4.125	8.291667	0.0	12.301799	5.4166665	123.9785943031311
344	3.650178	1.2147005	4.7636366	0.0	123.083336	0.5714286	0.90000004	0.15	0.6	0.90000004	0.3	0.65000004	1.1886818	142.0	113.833336	4.375	9.25	0.0	9.698314	5.5	127.99423813819885
345	3.4533043	1.2745613	4.818182	0.5777778	125.75	0.5317308	0.90000004	0.1	0.61428577	0.90000004	0.1	0.4	2.3274987	155.0	116.875	4.3333335	8.875	0.0	10.902446	5.4166665	126.44145035743713
346	3.4467862	1.3631623	4.942735	0.0	134.25	0.5549505	0.95	0.25	0.6875	0.95	0.45000002	0.6	1.3415701	158.0	125.375	4.2083335	8.875	0.0	11.258903	5.125	128.93205380439758
347	3.3752182	1.201234	4.6622224	0.59999996	142.75	0.5608911	0.90000004	0.2	0.70000005	0.90000004	0.35	0.65000004	1.0421778	138.0	132.45833	4.2083335	10.291667	0.0	9.723581	5.625	124.7773859500885
348	3.373984	1.3445283	5.3597736	0.0	141.0	0.5904041	0.95	0.15	0.7285714	0.95	0.55	0.75	1.6029667	143.0	132.0	4.125	9.0	0.0	10.206044	5.375	124.71708750724792
349	3.381871	1.2328438	5.198974	0.99999994	136.70833	0.51960784	0.95	0.1	0.6666667	0.95	0.3	0.35	1.6361271	188.0	128.20833	4.25	8.5	0.0	12.44547	5.25	127.11674809455872
350	3.951803	1.0076799	4.8446155	0.2	114.083336	0.6303572	0.95	0.25	0.73	0.95	0.55	0.6	1.1102482	173.0	104.5	4.6666665	9.583333	0.0	9.91995	5.2916665	130.5072329044342
351	3.7453148	0.97935927	4.834872	0.90000004	131.66667	0.57731485	0.85	0.2	0.6272727	0.85	0.3	0.5	1.4946809	167.0	121.416664	4.5	10.25	0.0	10.5300455	5.75	131.82248902320862
352	3.4236372	1.2379599	4.583932	0.44705883	122.333336	0.50825244	0.85	0.2	0.6	0.85	0.35	0.4	2.3719816	156.0	113.666664	4.2916665	8.666667	0.0	14.172813	5.0833335	124.38803815841675
353	3.0388782	1.2509471	4.44767	0.2	123.083336	0.53282833	0.90000004	0.15	0.61428577	0.90000004	0.2	0.5	1.7970613	170.0	114.75	4.125	8.333333	0.0	14.451823	5.2083335	127.28769111633301
354	3.655318	1.2200326	5.002857	0.6	141.08333	0.62056077	0.90000004	0.25	0.7	0.90000004	0.4	0.65000004	1.237482	160.0	131.5	4.4583335	9.583333	0.0	11.627162	5.5833335	132.85041642189026
355	2.9754333	1.5554552	4.6294637	0.2	137.79167	0.5793478	0.85	0.2	0.63125	0.85	0.4	0.7	0.9543823	150.0	129.20833	3.8333333	8.583333	0.0	8.2572565	4.875	122.73540568351746
356	3.1456642	1.4513875	4.836364	0.0	129.625	0.62526315	0.90000004	0.2	0.6625	0.90000004	0.3	0.6	1.6839902	156.0	120.875	3.9583333	8.75	0.0	8.723801	4.875	124.1570053100586
357	3.010101	1.3790238	4.585983	0.0	147.5	0.57307696	0.85	0.25	0.7166667	0.85	0.45000002	0.65000004	1.0395279	180.0	139.79167	3.7916667	7.7083335	0.0	19.430677	4.75	122.94186544418335
358	3.664119	1.1094323	5.0358977	0.6	137.70833	0.61915886	0.90000004	0.2	0.70000005	0.90000004	0.3	0.6	1.2089432	154.0	125.875	4.4583335	11.833333	0.0	13.361697	5.8333335	144.57540798187256
359	3.3074236	1.3369612	4.608889	0.2	129.875	0.589	0.90000004	0.2	0.65	0.90000004	0.35	0.65000004	1.3085593	123.0	121.708336	4.1666665	8.166667	0.0	9.310533	4.875	134.88172841072083
360	3.5473537	1.2305505	4.822222	0.8888889	118.0	0.576699	0.95	0.15	0.705	0.95	0.45000002	0.55	1.7169569	152.0	108.958336	4.2916665	9.041667	0.0	11.501251	5.3333335	131.12899923324585
361	3.311084	1.395698	4.8533335	0.0	142.79167	0.60306126	0.95	0.25	0.705	0.95	0.4	0.45000002	1.7410867	154.0	134.41667	4.0833335	8.375	0.0	9.8874655	5.4583335	135.67213702201843
362	3.4055176	1.2776246	4.8293176	0.0	135.75	0.58811885	0.95	0.15	0.6	0.95	0.15	0.45000002	1.4909015	160.0	126.958336	4.2083335	8.791667	0.0	10.506687	5.3333335	164.08696579933167
363	3.4603016	1.317475	4.692774	0.0	127.416664	0.6289217	0.95	0.25	0.75555557	0.95	0.55	0.5	2.032015	164.0	117.583336	4.25	9.833333	0.0	8.789722	5.5416665	136.70734882354736
364	3.5635788	1.2656702	4.8191814	0.0	145.875	0.59757274	0.85	0.2	0.70000005	0.85	0.45000002	0.65000004	1.0354812	163.0	136.33333	4.2916665	9.541667	0.0	13.265598	5.0	138.3261640071869
365	3.4632423	1.2334095	4.7222223	0.0	137.5	0.5588236	0.95	0.2	0.6388889	0.95	0.2	0.55	1.5874301	175.0	126.708336	4.25	10.791667	0.0	8.823506	5.7083335	132.89485025405884
366	3.3312242	1.4438151	4.9589477	0.69090915	151.58333	0.59375	0.90000004	0.1	0.7071429	0.90000004	0.4	0.55	1.5494301	191.0	143.66667	4.0	7.9166665	0.0	12.877194	5.0	132.11610913276672
367	3.8907108	1.0040694	4.904762	0.0	110.083336	0.59369373	0.90000004	0.2	0.675	0.90000004	0.2	0.7	1.0251195	157.0	99.416664	4.625	10.666667	0.0	9.220691	5.625	132.01717138290405
368	3.4380348	1.528437	5.429697	0.0	135.25	0.61515146	0.95	0.15	0.7777778	0.95	0.55	0.65000004	1.0626909	140.0	126.75	4.125	8.5	0.0	10.752791	5.0833335	131.5834972858429
369	3.5687294	1.3140554	4.8190475	0.2	134.25	0.64077663	0.90000004	0.15	0.67222226	0.90000004	0.15	0.65000004	1.1514609	156.0	124.25	4.2916665	10.0	0.0	8.3436	5.625	135.961669921875
370	3.6249046	1.1098318	5.04	0.8363636	128.625	0.55607474	0.90000004	0.1	0.60909086	0.90000004	0.3	0.6	1.1757505	170.0	118.375	4.4583335	10.25	0.0	10.285385	6.0416665	138.37438464164734
371	3.3327715	1.3865175	5.00987	0.56	133.625	0.60154635	1.0	0.15	0.73125005	1.0	0.35	0.4	1.6825287	139.0	125.791664	4.0416665	7.8333335	0.0	10.961509	4.7916665	137.9167137145996
372	3.4643288	1.5351504	4.8733335	0.0	126.0	0.64591837	0.95	0.25	0.75625	0.95	0.4	0.65000004	1.180846	197.0	117.416664	4.0833335	8.583333	0.0	11.965014	4.875	127.58668565750122
373	2.800565	1.2825711	4.5666666	0.0	159.75	0.6105555	0.90000004	0.25	0.73333335	0.90000004	0.45000002	0.55	1.7409168	178.0	150.54167	3.75	9.208333	0.0	14.505246	4.8333335	128.0171618461609
374	3.3943799	1.5951084	4.9	0.0	130.66667	0.6050505	0.90000004	0.2	0.6875	0.90000004	0.45000002	0.55	1.2244691	140.0	122.125	4.125	8.541667	0.0	9.5303335	5.125	132.01769876480103
375	3.5247002	1.1742966	4.8105984	0.9714286	127.833336	0.56009614	0.90000004	0.2	0.7071429	0.90000004	0.5	0.6	1.5009077	155.0	118.583336	4.3333335	9.25	0.0	11.028201	5.4583335	137.4023299217224
376	3.7852287	1.0179255	5.235043	0.7733334	123.0	0.63348633	0.95	0.25	0.7571429	0.95	0.45000002	0.4	1.9438032	146.0	113.458336	4.5416665	9.541667	0.0	11.14429	5.5	141.09407830238342
377	3.7114391	1.2091144	4.770953	0.2	114.166664	0.5773585	0.90000004	0.15	0.66	0.90000004	0.25	0.4	2.2035656	162.0	104.916664	4.4166665	9.25	0.0	8.099361	5.4166665	131.3019585609436
378	3.6344426	1.2516	4.7285714	0.71999997	128.20833	0.63173074	0.95	0.35	0.80833334	0.95	0.7	0.65000004	1.2135375	117.0	119.083336	4.3333335	9.125	0.0	12.811234	5.4166665	124.52438497543335
379	3.8238382	0.83320516	4.7063494	0.6285714	128.625	0.64144135	0.95	0.25	0.69285715	0.95	0.35	0.7	1.0347	162.0	118.208336	4.625	10.416667	0.0	9.979552	5.8333335	129.82395839691162
380	3.6520932	1.1999452	4.661905	0.6	134.41667	0.615566	1.0	0.2	0.71428573	1.0	0.35	0.5	1.5720004	170.0	125.208336	4.4166665	9.208333	0.0	10.674497	5.375	125.27209258079529
381	3.7693694	0.7970712	4.621039	1.6666666	123.0	0.5765766	0.90000004	0.15	0.65909094	0.90000004	0.3	0.55	2.0133595	178.0	112.0	4.625	11.0	0.0	10.389954	5.5833335	130.73785758018494
382	3.4892976	1.30035	4.853582	0.0	134.45833	0.56153846	0.90000004	0.15	0.675	0.90000004	0.4	0.75	0.9741403	160.0	124.833336	4.3333335	9.625	0.0	10.07378	5.3333335	128.93404269218445
383	3.7745278	1.323324	4.9533334	0.2	121.333336	0.599537	0.90000004	0.15	0.69285715	0.90000004	0.15	0.55	1.0246348	162.0	110.125	4.5	11.208333	0.0	16.44823	5.5833335	127.76717495918274
384	3.470578	1.2622588	5.0133333	0.45714283	136.66667	0.5965686	0.90000004	0.1	0.6875	0.90000004	0.35	0.55	1.6933295	163.0	127.833336	4.25	8.833333	0.0	10.997081	5.625	127.95677757263184
385	3.4591112	1.0822287	4.653333	0.8363636	137.54167	0.6262136	0.85	0.25	0.7	0.85	0.5	0.45000002	1.3381325	160.0	127.416664	4.2916665	10.125	0.0	9.3049	5.6666665	124.42900156974792
386	3.674277	1.0765263	5.11873	1.5	130.95833	0.6088785	0.90000004	0.25	0.7	0.90000004	0.45000002	0.65000004	1.0516378	173.0	121.291664	4.4583335	9.666667	0.0	10.937009	5.75	127.97098183631897
387	3.562193	1.2408344	4.76	0.55	124.041664	0.62009805	1.0	0.2	0.69545454	1.0	0.35	0.6	1.256131	162.0	115.75	4.25	8.291667	0.0	12.071831	5.1666665	131.28609371185303
388	3.8241336	0.95925856	4.8505983	1.1428571	133.375	0.5972973	1.0	0.2	0.6388889	1.0	0.2	0.75	1.352046	193.0	123.958336	4.625	9.416667	0.0	11.893005	5.8333335	138.44222211837769
389	3.3449764	1.4559431	4.8444443	0.0	120.333336	0.6319588	0.95	0.25	0.74444443	0.95	0.45000002	0.6	1.2117593	174.0	111.375	4.0416665	8.958333	0.0	8.454235	5.0	143.3376932144165
390	3.584078	1.3842152	4.888889	0.0	116.708336	0.6081731	0.95	0.25	0.80625	0.95	0.6	0.4	1.7206833	158.0	108.166664	4.3333335	8.541667	0.0	9.298178	5.0416665	147.43570733070374
391	3.2914104	1.2835226	4.8094807	0.2	144.375	0.583	0.90000004	0.25	0.70000005	0.90000004	0.45000002	0.4	1.6979097	163.0	133.83333	4.1666665	10.541667	0.0	7.810843	5.7083335	126.39629626274109
392	3.5583727	1.153078	4.666667	0.2	145.5	0.58571434	0.90000004	0.15	0.71250004	0.90000004	0.45000002	0.7	1.070775	149.0	135.70833	4.375	9.791667	0.0	11.346255	5.4583335	128.41456031799316
393	3.449958	1.156428	4.9553113	0.0	139.70833	0.58592236	1.0	0.15	0.73749995	1.0	0.55	0.6	1.2832948	156.0	130.41667	4.2916665	9.291667	0.0	10.755318	5.625	124.74056816101074
394	3.0905616	1.6456512	5.026349	0.0	141.41667	0.60923916	0.90000004	0.15	0.72	0.90000004	0.45000002	0.4	1.9797786	134.0	132.66667	3.8333333	8.75	0.0	12.586808	5.0	122.9301187992096
395	3.6463082	1.2560586	4.7348485	0.45714283	131.375	0.6192308	0.95	0.15	0.745	0.95	0.45000002	0.85	1.1829379	129.0	122.541664	4.3333335	8.833333	0.0	11.736367	5.5416665	127.41090250015259
396	3.54509	1.3601015	5.0666666	0.0	100.333336	0.6272277	0.95	0.2	0.71	0.95	0.4	0.7	1.1234014	137.0	92.041664	4.2083335	8.291667	0.0	9.307578	5.25	124.19864106178284
397	3.1514738	1.5295665	4.569524	0.0	130.5	0.5921875	0.90000004	0.05	0.68333334	0.90000004	0.3	0.7	1.130447	179.0	121.458336	4.0	9.041667	0.0	9.43241	5.0	120.86408352851868
398	3.391133	1.3612548	4.5921855	0.0	129.375	0.62749994	0.95	0.25	0.6722222	0.95	0.3	0.65000004	1.4683249	168.0	119.791664	4.1666665	9.583333	0.0	9.593488	5.2916665	125.8308732509613
399	3.5913124	1.2765485	4.8454547	0.47272724	133.20833	0.59134614	0.90000004	0.2	0.68000007	0.90000004	0.35	0.65000004	1.1387765	162.0	123.291664	4.3333335	9.916667	0.0	11.268247	5.6666665	123.79872035980225
400	3.9362934	0.81541175	4.8401155	1.5600001	122.791664	0.5668142	0.95	0.15	0.6875	0.95	0.3	0.3	2.0418084	164.0	112.125	4.7083335	10.666667	0.0	9.439423	5.7083335	128.9625415802002
401	2.7544765	1.5880742	4.86	0.0	153.0	0.5668605	1.0	0.25	0.6571428	1.0	0.35	0.6	1.2119908	170.0	145.58333	3.5833333	7.4166665	0.0	11.610077	4.3333335	122.00937175750732
402	3.8614466	1.0435578	5.04	0.0	133.83333	0.593578	0.95	0.15	0.6944444	0.95	0.35	0.7	0.958704	154.0	123.791664	4.5416665	10.041667	0.0	9.979016	5.4166665	132.9274389743805
403	3.3725529	1.1613529	4.5085716	0.2	118.708336	0.58980584	0.90000004	0.15	0.68125	0.90000004	0.45000002	0.55	1.696615	134.0	109.291664	4.2916665	9.416667	0.0	10.467182	5.5416665	136.43147826194763
404	3.637275	0.99538046	4.6555557	0.2	129.54167	0.5311927	0.85	0.2	0.6125	0.85	0.25	0.6	1.1807972	181.0	119.875	4.5416665	9.666667	0.0	11.726277	5.6666665	158.93797159194946
405	3.7023404	1.0050907	4.909524	0.0	130.20833	0.5651376	0.85	0.05	0.5928572	0.85	0.25	0.75	1.0549289	160.0	120.083336	4.5416665	10.125	0.0	10.476363	5.8333335	141.45291113853455
406	2.9823902	1.5395404	4.856364	0.0	123.458336	0.59333336	0.85	0.2	0.6090909	0.85	0.3	0.5	1.4751292	174.0	115.75	3.75	7.7083335	0.0	9.755755	4.8333335	129.9550359249115
407	3.4714928	1.1692901	5.140931	1.0666667	125.958336	0.5830097	0.90000004	0.2	0.635	0.90000004	0.2	0.75	1.1704246	197.0	117.0	4.2916665	8.958333	0.0	12.810234	5.5416665	137.2099540233612
408	3.732314	1.3211204	5.0666666	0.2	122.375	0.6438679	1.0	0.25	0.7388889	1.0	0.3	0.35	1.8504108	187.0	112.875	4.4166665	9.5	0.0	14.833392	5.375	132.28604745864868
409	3.5372524	1.3921618	5.482727	0.6	130.79167	0.58640784	0.95	0.1	0.7277778	0.95	0.2	0.5	1.4078757	169.0	120.458336	4.2916665	10.333333	0.0	10.100345	5.5833335	137.67242693901062
410	3.451997	1.3281003	5.127677	0.2	119.625	0.6034313	0.95	0.2	0.725	0.95	0.25	0.7	1.0366168	175.0	111.208336	4.25	8.416667	0.0	10.684657	5.375	133.53153133392334
411	3.5422087	1.2989668	4.775238	0.0	137.0	0.59238094	0.90000004	0.25	0.65555555	0.90000004	0.4	0.8	0.6346692	134.0	126.833336	4.375	10.166667	0.0	10.030538	5.4166665	133.42984175682068
412	3.9529216	0.75890404	4.9065657	2.1454546	118.125	0.59695655	0.90000004	0.2	0.64444447	0.90000004	0.25	0.65000004	1.236408	153.0	107.083336	4.7916665	11.041667	0.0	9.851377	5.9166665	140.0372714996338
413	3.8183186	1.1658283	5.113333	0.6	134.41667	0.6370369	1.0	0.2	0.7375	1.0	0.2	0.65000004	1.2912011	152.0	124.625	4.5	9.791667	0.0	10.184522	5.7083335	138.73510265350342
414	3.31229	1.3372383	5.253333	0.45	122.416664	0.582	0.95	0.25	0.6750001	0.95	0.3	0.65000004	1.3888315	209.0	112.916664	4.1666665	9.5	0.0	9.127601	5.25	134.65908908843994
415	3.6784294	1.4541597	5.090308	0.0	129.375	0.6579208	0.90000004	0.25	0.7111111	0.90000004	0.45000002	0.85	0.7168536	175.0	119.875	4.2083335	9.5	0.0	10.356711	5.2916665	133.6571626663208
416	3.7837803	1.0778382	5.138528	0.6000001	135.5	0.6079439	0.95	0.15	0.705	0.95	0.4	0.65000004	1.1800734	205.0	126.125	4.4583335	9.375	0.0	11.88341	5.6666665	137.05188751220703
417	3.3977478	1.353126	4.7644444	0.59999996	129.75	0.60050005	0.90000004	0.2	0.66666675	0.90000004	0.2	0.6	1.3149627	158.0	120.708336	4.1666665	9.041667	0.0	10.795845	4.7916665	130.3906226158142
418	3.2221043	1.6225691	4.9473195	0.0	131.29167	0.57634413	0.95	0.2	0.69500005	0.95	0.25	0.65000004	1.377438	166.0	123.916664	3.875	7.375	0.0	16.181486	4.5416665	126.70757555961609
419	3.0990422	1.4279989	5.2646155	0.2	158.08333	0.6365591	0.95	0.25	0.6833333	0.95	0.25	0.65000004	1.4860947	172.0	149.5	3.875	8.583333	0.0	11.199094	4.7916665	135.78312420845032
420	3.8038852	0.8569102	4.7252526	0.9230769	119.791664	0.54279274	0.90000004	0.05	0.6785714	0.90000004	0.45000002	0.45000002	1.4943491	142.0	110.291664	4.625	9.5	0.0	10.647935	5.8333335	140.17583465576172
421	3.3824158	1.4056125	4.889697	0.2	152.58333	0.585	0.95	0.2	0.6944444	0.95	0.3	0.6	1.7895584	171.0	144.0	4.1666665	8.583333	0.0	14.319782	4.9583335	133.1884377002716
422	3.4685946	1.2917781	5.1739316	0.75555557	139.25	0.63737863	0.95	0.3	0.83125	0.95	0.7	0.75	0.77166677	173.0	130.25	4.2916665	9.0	0.0	10.652469	5.2083335	135.46058106422424
423	3.490279	1.398266	4.753846	0.0	120.166664	0.5627451	1.0	0.25	0.625	1.0	0.4	0.45000002	2.1992733	189.0	111.375	4.25	8.791667	0.0	8.828712	5.2083335	142.43897676467896
424	3.4608085	1.4952576	5.1317463	0.2	119.25	0.5970874	1.0	0.25	0.64444447	1.0	0.35	0.65000004	1.0372701	154.0	110.708336	4.2916665	8.541667	0.0	13.733471	5.25	133.33889627456665
425	3.4830425	1.2629058	5.181818	0.0	130.20833	0.5629808	0.85	0.15	0.6	0.85	0.3	0.65000004	1.5913644	178.0	120.75	4.3333335	9.458333	0.0	11.160945	5.4583335	137.60825562477112
426	3.1731818	1.3013856	4.4438386	0.2	132.875	0.5282829	0.8	0.1	0.5777778	0.8	0.3	0.35	1.7127755	189.0	124.291664	4.125	8.583333	0.0	9.433696	5.4166665	134.6450972557068
427	3.2581491	1.3834331	4.6885715	0.0	132.79167	0.5708334	0.90000004	0.15	0.67222226	0.90000004	0.5	0.8	0.87261546	215.0	124.083336	4.0	8.708333	0.0	10.163415	5.0	132.54733276367188
428	3.4271958	1.4200821	5.0976624	0.0	132.79167	0.57574254	0.85	0.2	0.67222226	0.85	0.35	0.75	0.9114479	175.0	123.541664	4.2083335	9.25	0.0	8.340686	5.0	158.02533173561096
429	3.443247	1.519317	4.871111	0.0	119.541664	0.564	0.95	0.15	0.73333335	0.95	0.45000002	0.65000004	1.1086498	207.0	111.666664	4.1666665	7.875	0.0	9.710682	4.9166665	139.2114601135254
430	3.491883	1.3587532	5.33	0.69090915	127.291664	0.54257435	0.95	0.15	0.71363634	0.95	0.45000002	0.75	0.9725197	156.0	118.416664	4.2083335	8.875	0.0	12.845951	5.5416665	145.6431040763855
431	3.5106285	1.5359703	4.8460317	0.0	115.208336	0.588	0.90000004	0.25	0.70000005	0.90000004	0.35	0.4	1.2529061	169.0	106.75	4.1666665	8.458333	0.0	8.765158	4.9166665	132.09795546531677
432	3.3934371	1.2733765	4.769524	0.2	140.08333	0.6183169	0.95	0.25	0.7722222	0.95	0.55	0.6	1.5255381	155.0	131.41667	4.2083335	8.666667	0.0	13.094924	5.1666665	142.49554014205933
433	3.3990211	1.5975492	5.186667	0.2	142.20833	0.6723959	1.0	0.1	0.76428574	1.0	0.45000002	0.55	1.2475753	142.0	133.375	4.0	8.833333	0.0	10.49764	4.9583335	141.055415391922
434	3.4799635	1.0251412	4.7412586	0.7076923	153.79167	0.6192308	0.90000004	0.15	0.69500005	0.90000004	0.4	0.85	1.0487113	134.0	143.375	4.3333335	10.416667	0.0	10.849315	5.5416665	150.6289620399475
435	3.2759514	1.5926859	4.64	0.2	132.41667	0.5789473	0.85	0.25	0.68636364	0.85	0.3	0.5	1.9334749	152.0	124.0	3.9583333	8.416667	0.0	9.863752	4.75	128.02600264549255
436	3.3944302	1.3750736	4.653333	0.5411765	146.45833	0.60353535	0.95	0.15	0.6666666	0.95	0.15	0.85	1.023144	143.0	137.16667	4.125	9.291667	0.0	9.853145	4.7916665	134.25704884529114
437	3.266466	1.4778163	4.8323812	0.0	122.375	0.60979384	0.95	0.2	0.74375	0.95	0.5	0.6	1.0728588	167.0	113.541664	4.0416665	8.833333	0.0	9.000778	4.9166665	133.80159449577332
438	3.912689	0.89913476	4.888283	1.72	124.375	0.55803573	0.85	0.15	0.7214286	0.85	0.55	0.65000004	1.3237075	173.0	114.458336	4.6666665	9.916667	0.0	11.866145	5.5833335	148.94823288917542
439	2.890508	1.5483195	4.8648353	0.50666666	150.41667	0.53258425	0.85	0.25	0.6214286	0.85	0.25	0.6	1.236845	182.0	142.0	3.7083333	8.416667	0.0	7.693251	4.9583335	130.1555449962616
440	3.8815906	0.92471236	4.8623376	1.3466667	115.125	0.61294645	0.90000004	0.15	0.67777777	0.90000004	0.45000002	0.65000004	0.91416395	142.0	104.583336	4.6666665	10.541667	0.0	7.951212	6.3333335	142.09994649887085
441	3.5482953	1.1382456	4.89039	0.6	128.58333	0.57028306	0.95	0.15	0.73333335	0.95	0.45000002	0.65000004	1.5522845	119.0	119.916664	4.4166665	8.666667	0.0	13.556363	5.25	133.14337277412415
442	3.7306435	1.1194158	5.0285716	0.0	132.04167	0.6271028	0.90000004	0.25	0.6642857	0.90000004	0.35	0.7	1.115794	150.0	123.625	4.4583335	8.416667	0.0	10.84937	5.3333335	137.9048936367035
443	3.6941326	0.91418594	4.540979	1.3333334	121.625	0.5722727	0.85	0.2	0.65000004	0.85	0.45000002	0.7	1.4951766	160.0	112.875	4.5833335	8.75	0.0	16.524605	5.2916665	132.76597261428833
444	3.875412	0.704126	4.690909	1.72	112.291664	0.5666667	0.8	0.05	0.6888889	0.8	0.6	0.75	1.28747	151.0	101.583336	4.75	10.708333	0.0	8.142375	6.0416665	140.5454170703888
445	3.211872	1.5009224	5.031919	0.0	133.08333	0.58247423	0.95	0.15	0.6642857	0.95	0.35	0.7	0.9725315	161.0	125.041664	4.0416665	8.041667	0.0	9.934045	4.8333335	136.21405696868896
446	3.2386754	1.6880125	5.375238	0.0	150.125	0.65217394	0.95	0.2	0.8214286	0.95	0.55	0.90000004	0.6326345	140.0	142.0	3.8333333	8.125	0.0	8.438943	4.8333335	130.98173928260803
447	3.4105132	1.0363595	4.6755557	1.0285714	124.833336	0.55	0.90000004	0.15	0.65	0.90000004	0.35	0.55	1.9434211	161.0	115.583336	4.375	9.25	0.0	8.003168	5.375	134.56235551834106
448	3.6597214	1.2041998	4.866667	0.0	126.958336	0.5799066	0.95	0.15	0.5875	0.95	0.25	0.55	1.1601024	138.0	117.666664	4.4583335	9.291667	0.0	7.9830017	5.4166665	144.23988938331604
449	3.507824	1.1108158	4.578124	0.7	139.16667	0.5442857	0.90000004	0.2	0.61111116	0.90000004	0.25	0.6	1.16562	165.0	128.66667	4.375	10.5	0.0	7.7262893	5.5833335	138.0380892753601
450	3.375063	1.3084648	5.0590477	0.2	128.58333	0.5826733	0.95	0.15	0.7125	0.95	0.2	0.7	0.72595143	158.0	118.875	4.2083335	9.708333	0.0	11.627805	5.4166665	130.28871130943298
451	3.703605	1.33874	4.939163	0.0	110.125	0.64271843	1.0	0.15	0.8	1.0	0.55	0.75	0.9836151	134.0	101.541664	4.2916665	8.583333	0.0	9.270635	5.2083335	134.9331555366516
452	3.8753777	0.8391019	4.7446156	1.3333334	116.291664	0.57522124	0.90000004	0.2	0.7071429	0.90000004	0.45000002	0.75	1.079768	143.0	105.25	4.7083335	11.041667	0.0	10.938271	5.875	139.86324310302734
453	3.3925145	1.3909559	5.0365367	0.5142856	131.625	0.587	0.95	0.2	0.7357143	0.95	0.4	0.65000004	1.3689716	164.0	122.916664	4.1666665	8.708333	0.0	12.670667	5.3333335	144.2843198776245
454	3.1607382	1.4890267	5.030303	0.7764706	139.20833	0.6111703	0.95	0.3	0.71	0.95	0.5	0.35	1.9616165	175.0	130.66667	3.9166667	8.541667	0.0	11.254121	5.125	130.69483399391174
455	3.6568193	1.4257013	5.1257143	0.0	136.66667	0.6257282	0.90000004	0.15	0.64500004	0.90000004	0.35	0.6	1.1378949	132.0	126.875	4.2916665	9.791667	0.0	9.758726	5.4583335	137.889502286911
456	2.7311342	1.769527	4.5257144	0.0	147.04167	0.5668675	0.85	0.2	0.65555555	0.85	0.3	0.6	1.138729	161.0	140.75	3.4583333	6.2916665	0.0	10.823113	4.25	121.74108815193176
457	3.2481778	1.4350054	4.8492064	0.53333336	146.625	0.60744685	0.90000004	0.2	0.7357143	0.90000004	0.55	0.65000004	1.0217869	108.0	137.33333	3.9166667	9.291667	0.0	9.650403	4.8333335	132.82270693778992
458	3.1187165	1.4356499	4.8450727	0.0	150.70833	0.6553192	0.95	0.25	0.73888886	0.95	0.35	0.65000004	1.0773865	130.0	141.83333	3.9166667	8.875	0.0	11.524259	5.0	129.4296374320984
459	2.93979	1.7042725	4.744762	0.0	153.04167	0.59659094	0.85	0.15	0.6722222	0.85	0.4	0.65000004	1.1512601	145.0	145.83333	3.6666667	7.2083335	0.0	15.156428	4.4166665	125.7226951122284
460	3.5707645	1.1393402	4.7535353	0.52307695	124.041664	0.5826923	0.90000004	0.2	0.65555555	0.90000004	0.3	0.3	2.1992762	160.0	115.125	4.3333335	8.916667	0.0	12.538289	5.4583335	128.21071219444275
461	3.259351	1.5080036	5.0874457	0.0	139.25	0.6583333	0.95	0.25	0.70714283	0.95	0.35	0.7	1.0832113	160.0	131.625	4.0	7.625	0.0	10.921501	4.9166665	124.0983099937439
462	3.323246	1.3311777	5.444444	0.6	135.91667	0.628	1.0	0.25	0.74444443	1.0	0.5	0.55	1.0492978	154.0	127.166664	4.1666665	8.75	0.0	12.411247	5.4166665	129.73479175567627
463	3.1850479	1.5859016	4.9342856	0.0	139.91667	0.5968085	0.95	0.2	0.68846154	0.95	0.3	0.75	1.2293036	175.0	132.04167	3.9166667	7.875	0.0	10.448536	5.0	131.23072791099548
464	3.6365821	1.0825598	4.96	1.1	140.20833	0.62242997	0.95	0.2	0.6875	0.95	0.35	0.55	1.3096033	157.0	129.75	4.4583335	10.458333	0.0	12.796477	5.875	146.1468152999878
465	3.669131	1.2821862	5.16	0.2	109.583336	0.56401867	0.90000004	0.25	0.6050001	0.90000004	0.25	0.6	1.1153277	135.0	101.5	4.4583335	8.083333	0.0	9.310168	5.0833335	144.93090105056763
466	3.6377985	1.4546163	5.2484846	0.46153846	118.958336	0.6632353	1.0	0.2	0.8000001	1.0	0.65000004	0.65000004	1.0735989	164.0	108.916664	4.25	10.041667	0.0	7.5545382	5.3333335	127.9714765548706
467	3.7774773	1.246515	4.883023	0.0	132.95833	0.64339626	0.95	0.25	0.7888889	0.95	0.6	0.6	1.2671386	164.0	123.083336	4.4166665	9.875	0.0	13.02946	5.5416665	133.75289583206177
468	3.3313057	1.389167	4.802015	0.2	132.29167	0.6029703	0.90000004	0.2	0.70500004	0.90000004	0.3	0.85	0.62840104	140.0	123.458336	4.2083335	8.833333	0.0	12.99793	5.4166665	126.95550155639648
469	3.613694	1.3424007	5.1555552	0.50666666	137.08333	0.65049016	0.95	0.2	0.7777778	0.95	0.55	0.65000004	0.88594264	140.0	128.16667	4.25	8.916667	0.0	18.687416	5.2083335	125.23033714294434
470	3.2775037	1.31602	4.9292145	0.50000006	135.375	0.595	0.95	0.25	0.7375	0.95	0.45000002	0.8	0.6769413	155.0	125.375	4.1666665	10.0	0.0	10.255393	5.4583335	124.20009994506836
471	3.721447	1.0830475	4.8241267	0.0	109.875	0.62663555	0.95	0.15	0.675	0.95	0.4	0.85	0.9337004	166.0	100.5	4.4583335	9.375	0.0	9.073859	5.7083335	127.02914237976074
472	3.3127491	1.299209	4.660433	0.0	134.875	0.48823524	0.85	0.15	0.6333333	0.85	0.35	0.6	1.4184506	139.0	125.25	4.25	9.625	0.0	10.696789	5.2083335	135.0023169517517
473	3.4372578	1.5062602	5.261039	0.2	122.25	0.644	1.0	0.3	0.85	1.0	0.6	0.65000004	1.1310785	151.0	113.291664	4.1666665	8.958333	0.0	9.8980875	5.25	147.61335682868958
474	3.7206926	1.2834175	5.0070996	0.0	131.625	0.6785715	1.0	0.3	0.7111111	1.0	0.4	0.8	0.67585343	165.0	122.5	4.375	9.125	0.0	10.092896	5.375	153.03067278862
475	3.00185	1.4873302	5.0383196	0.6285714	143.25	0.61263734	0.90000004	0.15	0.7357144	0.90000004	0.5	0.85	0.9170718	181.0	134.91667	3.7916667	8.333333	0.0	13.51678	4.7083335	151.94215273857117
476	3.2020695	1.275557	4.7197113	0.0	162.54167	0.5317709	0.8	0.25	0.63571435	0.8	0.4	0.4	1.6146158	164.0	152.95833	4.0	9.583333	0.0	12.666392	5.1666665	169.20101594924927
477	3.8166132	1.072997	5.1324677	0.88	121.333336	0.58194447	0.90000004	0.15	0.7100001	0.90000004	0.35	0.7	0.8600751	151.0	111.958336	4.5	9.375	0.0	18.532663	5.6666665	186.66615390777588
478	3.298954	1.472327	4.8190475	0.2	143.95833	0.58367354	0.95	0.15	0.675	0.95	0.4	0.6	1.1941974	147.0	135.58333	4.0833335	8.375	0.0	18.021513	4.625	124.72385454177856
479	3.727703	1.1343793	4.8428574	1.0857143	130.66667	0.63679254	0.95	0.25	0.725	0.95	0.35	0.65000004	1.3343226	144.0	121.0	4.4166665	9.666667	0.0	10.466336	5.5833335	127.29326701164246
480	3.5265408	1.6079874	5.034359	0.0	120.958336	0.63282824	0.95	0.15	0.69	0.95	0.25	0.5	1.8180778	164.0	111.75	4.125	9.208333	0.0	10.870215	5.2916665	121.6551353931427
481	3.3454335	1.5166827	5.084849	0.45	138.95833	0.6293814	0.90000004	0.15	0.70000005	0.90000004	0.45000002	0.6	1.3432486	152.0	131.5	4.0416665	7.4583335	0.0	20.60825	4.6666665	115.27876949310303
482	3.0304053	1.5088263	4.6181817	0.2	142.20833	0.5869565	0.95	0.15	0.5928572	0.95	0.2	0.65000004	1.051543	151.0	134.25	3.8333333	7.9583335	0.0	10.264522	4.9583335	116.82297229766846
483	3.728103	1.2035632	4.8333335	0.2	123.541664	0.6495284	0.95	0.25	0.6785714	0.95	0.3	0.75	1.056516	163.0	114.25	4.4166665	9.291667	0.0	10.124951	5.375	124.36880922317505
484	3.6894348	1.2728412	5.264762	0.8000001	123.708336	0.60990566	0.95	0.25	0.67999995	0.95	0.35	0.75	0.8517332	142.0	113.208336	4.4166665	10.5	0.0	9.802413	5.7916665	123.25528693199158
485	3.3793786	1.3522707	4.6136794	0.0	127.0	0.627551	0.90000004	0.2	0.64285713	0.90000004	0.2	0.75	0.94536144	167.0	117.583336	4.0833335	9.416667	0.0	11.587154	5.25	119.4420108795166
486	3.3000164	1.4406947	4.96	0.47272724	159.29167	0.6223958	0.90000004	0.2	0.7785715	0.90000004	0.6	0.6	1.2800069	177.0	149.875	4.0	9.416667	0.0	17.992622	5.1666665	123.35492968559265
487	3.7485218	1.2195358	4.9733334	0.2	104.958336	0.5856482	1.0	0.15	0.69499993	1.0	0.35	0.55	1.2090344	160.0	94.708336	4.5	10.25	0.0	11.235634	5.4166665	131.34447479248047
488	3.4089668	1.3719027	5.180806	0.46153846	142.29167	0.627	0.90000004	0.15	0.68125	0.90000004	0.3	0.85	0.9567688	142.0	131.95833	4.1666665	10.333333	0.0	9.693313	5.2916665	120.39861631393433
489	3.5924504	1.1001507	5.103963	1.6	131.41667	0.6622641	0.95	0.25	0.76875	0.95	0.4	0.85	0.8924979	111.0	120.416664	4.4166665	11.0	0.0	10.404658	5.7916665	133.93100786209106
490	3.638457	1.0945361	4.8194804	0.65000004	113.375	0.6150943	0.95	0.15	0.74375	0.95	0.45000002	0.7	1.0551771	116.0	103.833336	4.4166665	9.541667	0.0	9.002137	5.3333335	128.8929135799408
491	3.500019	1.3243225	4.746667	0.0	135.45833	0.64460784	0.95	0.25	0.685	0.95	0.3	0.8	0.6890346	127.0	126.791664	4.25	8.666667	0.0	12.405023	5.125	128.93044209480286
492	3.5785344	0.86124533	4.463492	1.4246155	139.08333	0.60140187	0.95	0.25	0.7222222	0.95	0.5	0.45000002	1.3677174	167.0	128.29167	4.4583335	10.791667	0.0	10.078559	6.1666665	127.24931979179382
493	3.8235943	1.3051515	5.1400003	0.5714286	130.95833	0.6196261	0.90000004	0.15	0.6875	0.90000004	0.25	0.7	1.2036624	124.0	120.75	4.4583335	10.208333	0.0	10.168724	5.5	134.8590052127838
494	4.039619	0.8942819	4.822222	1.5999999	110.875	0.6530974	0.95	0.2	0.70454544	0.95	0.4	0.45000002	1.410408	174.0	101.416664	4.7083335	9.458333	0.0	9.456706	5.6666665	143.07822060585022
495	3.1267147	1.4385191	4.9333334	0.0	145.875	0.65434784	0.95	0.2	0.75625	0.95	0.5	0.65000004	1.3380492	175.0	137.875	3.8333333	8.0	0.0	9.207401	4.7083335	134.5149962902069
496	3.3520882	1.4167163	4.7428575	0.2	137.45833	0.6056122	0.90000004	0.15	0.6888889	0.90000004	0.3	0.65000004	1.2198389	175.0	127.958336	4.0833335	9.5	0.0	14.877373	4.9583335	135.5192310810089
497	3.3816786	1.1470388	5.1666665	0.75555557	146.33333	0.5901961	0.85	0.1	0.65000004	0.85	0.15	0.75	1.135424	167.0	137.08333	4.25	9.25	0.0	14.659255	5.3333335	136.5307457447052
498	3.3591175	1.3756126	4.847619	0.0	132.54167	0.6460001	0.95	0.3	0.7714285	0.95	0.55	0.8	0.8851199	179.0	122.5	4.1666665	10.041667	0.0	10.539763	5.5833335	138.35069012641907
499	3.5824082	1.0779892	4.92	0.47272724	138.16667	0.64339626	0.90000004	0.1	0.6785714	0.90000004	0.25	0.65000004	1.38054	194.0	128.04167	4.4166665	10.125	0.0	11.252263	5.5833335	139.97451519966125
500	3.5007312	1.2177112	4.8673015	0.2	134.91667	0.6063726	0.90000004	0.15	0.6125	0.90000004	0.35	0.5	1.8214366	192.0	124.583336	4.25	10.333333	0.0	9.631055	5.5833335	145.02490186691284
