Epoch	AverageEpRet	StdEpRet	MaxEpRet	MinEpRet	EpLen	Acc	MaxAcc	MinAcc	MaxTrialAcc	MaxMaxTrialAcc	MinMaxTrialAcc	TestFinetuneAcc	TestFinetuneLoss	TestFinetuneParam	NumAlphaAdj	NumEstimations	NumEdgeTrav	NumIllegalEdgeTrav	NumAlphaAdjBeforeTrav	UniqueEdges	Time
1	3.4520051	0.68640494	3.9356863	0.52	120.083336	0.19385965	0.55	0.0	0.32	0.55	0.1	0.3	2.289791	342.0	110.791664	4.75	9.291667	0.0	11.07232	5.5416665	171.9837019443512
2	3.008763	0.95761204	4.2209034	1.4444444	140.20833	0.23701923	0.55	0.05	0.37857142	0.55	0.25	0.4	2.2798095	322.0	131.0	4.3333335	9.208333	0.0	10.777814	5.3333335	161.52352452278137
3	2.9009063	1.2602215	4.0055556	0.2	137.625	0.2642857	0.5	0.0	0.3611111	0.5	0.2	0.25	2.4376836	365.0	127.958336	4.0833335	9.666667	0.0	10.707475	5.7916665	159.06456851959229
4	3.1823833	0.99124104	4.3165636	0.84210527	124.25	0.17870371	0.45000002	0.0	0.29000002	0.45000002	0.15	0.15	2.4366374	382.0	114.291664	4.5	9.958333	0.0	10.809115	5.8333335	159.3480360507965
5	3.15148	1.1667869	4.1819606	0.0	119.5	0.25728154	0.55	0.0	0.37857142	0.55	0.05	0.25	2.4650607	343.0	110.875	4.2916665	8.625	0.0	11.803146	5.0416665	152.65514993667603
6	3.094081	1.172093	4.0712695	0.0	131.875	0.22326733	0.55	0.05	0.31666666	0.55	0.05	0.35	2.5423605	371.0	123.833336	4.2083335	8.041667	0.0	9.750855	4.8333335	158.21625208854675
7	2.5899923	1.4286296	4.1459475	0.0	139.0	0.2297753	0.5	0.0	0.35	0.5	0.15	0.15	2.563437	314.0	130.5	3.7083333	8.5	0.0	8.2404375	4.8333335	140.75398778915405
8	3.327863	0.87342983	4.25817	0.5411765	121.916664	0.2368182	0.5	0.0	0.38	0.5	0.15	0.15	2.6720777	342.0	111.375	4.5833335	10.541667	0.0	15.833573	5.6666665	154.53542733192444
9	3.023198	1.0803795	3.8585973	0.0	127.375	0.20288461	0.5	0.0	0.30555555	0.5	0.1	0.25	2.58243	316.0	117.25	4.3333335	10.125	0.0	11.511563	5.75	153.53844237327576
10	2.844509	1.1935239	4.1537256	0.0	153.875	0.22602041	0.45000002	0.05	0.30714282	0.45000002	0.1	0.25	2.355632	341.0	143.66667	4.0833335	10.208333	0.0	10.913766	5.4583335	147.3760688304901
11	3.244725	1.0840169	4.3609524	0.2	126.833336	0.24150945	0.6	0.05	0.35000002	0.6	0.1	0.05	2.8174267	307.0	116.958336	4.4166665	9.875	0.0	10.234595	5.7083335	150.06877613067627
12	2.8849573	1.1528512	4.3187957	0.84210527	132.625	0.2611111	0.5	0.0	0.2857143	0.5	0.05	0.25	2.4198828	353.0	123.333336	4.125	9.291667	0.0	10.140995	5.1666665	150.471830368042
13	3.4325035	0.88604057	4.3600826	0.89411765	113.291664	0.23272727	0.6	0.05	0.35000002	0.6	0.1	0.25	2.2639308	316.0	103.458336	4.5833335	9.833333	0.0	10.839192	5.625	157.11870694160461
14	3.0910265	1.0682839	4.1052046	0.6	120.25	0.2737864	0.55	0.05	0.31666666	0.55	0.1	0.25	2.5046344	371.0	112.208336	4.2916665	8.041667	0.0	10.145795	5.2083335	153.32095050811768
15	3.1900604	0.864338	4.4364147	1.1312693	141.04167	0.2533019	0.6	0.0	0.35000005	0.6	0.15	0.25	2.4083512	296.0	131.66667	4.4166665	9.375	0.0	15.094566	5.4166665	157.49631261825562
16	3.0414944	1.1340692	4.3879123	0.2	137.08333	0.2598039	0.55	0.0	0.36250004	0.55	0.1	0.2	2.403025	298.0	128.29167	4.25	8.791667	0.0	14.924146	5.2083335	157.16804122924805
17	3.2436416	0.97391325	3.9919608	0.0	129.79167	0.23971966	0.5	0.0	0.33571428	0.5	0.2	0.2	2.4638464	332.0	119.875	4.4583335	9.916667	0.0	10.175373	5.75	159.41595578193665
18	3.2692242	0.95862657	4.320289	0.96	138.16667	0.2901869	0.6	0.05	0.37142864	0.6	0.2	0.2	2.5502207	368.0	128.66667	4.4583335	9.5	0.0	13.095196	5.5416665	152.91008687019348
19	2.9504395	1.2811145	4.3523808	0.2	143.41667	0.29848483	0.6	0.05	0.36875	0.6	0.15	0.25	2.432255	360.0	133.75	4.125	9.666667	0.0	12.752975	5.4166665	151.79881691932678
20	3.211135	1.0165262	4.0342855	0.48	134.0	0.28820756	0.6	0.0	0.38076922	0.6	0.1	0.2	2.398275	360.0	123.833336	4.4166665	10.166667	0.0	10.73568	5.5416665	157.997629404068
21	3.3805532	1.169667	4.595471	0.0	124.0	0.33349055	0.7	0.05	0.46875	0.7	0.15	0.2	2.4550185	316.0	114.833336	4.4166665	9.166667	0.0	10.153437	5.375	158.46986746788025
22	3.272013	0.77719027	4.003077	1.1385621	126.0	0.2877273	0.7	0.0	0.41111115	0.7	0.15	0.3	2.5917938	283.0	115.916664	4.5833335	10.083333	0.0	9.613882	5.7916665	157.51229429244995
23	2.8631332	1.2932879	4.2733335	0.0	144.95833	0.29999998	0.55	0.05	0.37000003	0.55	0.15	0.2	2.4918005	303.0	136.33333	4.0	8.625	0.0	16.54862	5.0	139.0028259754181
24	2.7381036	1.2765397	4.1022224	0.0	130.66667	0.2888298	0.55	0.1	0.35625	0.55	0.1	0.2	2.6266904	301.0	122.791664	3.9166667	7.875	0.0	12.293017	5.0	146.07948112487793
25	3.142545	1.146906	4.4851685	0.2	136.41667	0.33168316	0.65000004	0.1	0.4	0.65000004	0.1	0.3	2.516809	266.0	127.0	4.2083335	9.416667	0.0	9.522247	5.25	151.68979573249817
26	3.2520516	1.0140562	4.140171	0.0	127.666664	0.30913463	0.65000004	0.05	0.385	0.65000004	0.1	0.15	2.6365955	262.0	119.208336	4.3333335	8.458333	0.0	8.490739	5.125	152.02168560028076
27	3.0607147	1.0689231	4.15	0.8888889	135.75	0.25392154	0.6	0.0	0.35	0.6	0.1	0.2	2.5332878	275.0	126.583336	4.25	9.166667	0.0	16.342863	5.2916665	154.15305733680725
28	3.3003426	1.0893778	4.0645976	0.2	129.25	0.27592593	0.55	0.0	0.32222223	0.55	0.05	0.2	2.6925561	234.0	119.458336	4.5	9.791667	0.0	14.154887	5.6666665	157.12140941619873
29	2.8031409	1.0981373	4.176842	0.89411765	153.125	0.26250002	0.55	0.05	0.34375	0.55	0.05	0.15	2.4836154	297.0	144.08333	4.0	9.041667	0.0	12.26117	4.8333335	148.33949613571167
30	3.2845833	1.0536832	4.2743893	0.0	130.79167	0.25809523	0.65000004	0.05	0.38333336	0.65000004	0.1	0.0	2.753263	263.0	119.291664	4.375	11.5	0.0	7.113465	5.75	151.98149633407593
31	3.1549046	1.0326852	4.2821054	0.90666664	141.66667	0.31650484	0.6	0.05	0.40000004	0.6	0.25	0.3	2.2358623	322.0	132.91667	4.2916665	8.75	0.0	12.076568	5.1666665	152.77728915214539
32	3.3247318	1.1440068	4.255131	0.2	120.041664	0.29766357	0.65000004	0.05	0.37142858	0.65000004	0.05	0.25	2.5301125	344.0	111.375	4.4583335	8.666667	0.0	16.571186	5.4166665	152.76816368103027
33	3.0498934	1.1147109	4.268425	0.9263158	154.33333	0.2955	0.65000004	0.0	0.38750002	0.65000004	0.2	0.1	2.8491998	273.0	146.08333	4.1666665	8.25	0.0	16.66718	5.0	151.35020685195923
34	3.1673439	1.2698758	4.4379487	0.2	141.95833	0.34950495	0.65000004	0.1	0.42777777	0.65000004	0.2	0.1	2.5686202	239.0	131.75	4.2083335	10.208333	0.0	11.663091	5.3333335	149.99048781394958
35	3.2222004	1.1391765	4.24634	0.2	125.625	0.28047618	0.55	0.0	0.355	0.55	0.05	0.15	2.3156328	288.0	116.458336	4.375	9.166667	0.0	7.8959136	5.1666665	155.39528584480286
36	3.3150826	0.74051523	4.1809525	0.96	120.583336	0.30405405	0.65000004	0.0	0.41250002	0.65000004	0.15	0.35	2.2426248	232.0	110.666664	4.625	9.916667	0.0	10.289982	5.625	157.34842944145203
37	3.547908	0.88197494	4.289393	0.2	97.791664	0.3450893	0.75	0.0	0.48000002	0.75	0.2	0.35	2.3830311	240.0	88.25	4.6666665	9.541667	0.0	7.7869477	5.75	153.29680275917053
38	3.4958198	1.205236	4.286753	0.2	97.166664	0.34766352	0.65000004	0.05	0.41875002	0.65000004	0.2	0.15	2.6991675	338.0	88.0	4.4583335	9.166667	0.0	10.047832	5.625	152.05430674552917
39	3.2989995	1.0264416	4.0882053	0.44210526	131.29167	0.28177568	0.6	0.0	0.41666666	0.6	0.25	0.1	3.1941621	324.0	121.291664	4.4583335	10.0	0.0	8.661417	5.6666665	151.76371598243713
40	3.4385097	1.1083796	4.3236275	0.0	113.625	0.29675925	0.6	0.0	0.40714285	0.6	0.1	0.35	2.2495348	295.0	103.875	4.5	9.75	0.0	8.12709	5.5416665	153.81124448776245
41	3.5201132	0.8977878	4.20309	0.9777778	114.583336	0.26936936	0.6	0.0	0.3388889	0.6	0.05	0.15	2.5482135	292.0	104.416664	4.625	10.166667	0.0	8.590245	5.5416665	154.25462412834167
42	2.4679978	1.5347997	4.243943	0.0	152.20833	0.30588236	0.6	0.05	0.45000002	0.6	0.2	0.25	2.3652349	252.0	144.83333	3.5416667	7.375	0.0	12.759937	4.2916665	138.92877912521362
43	3.703333	0.6512223	4.4087877	2.029804	130.375	0.35265487	0.65000004	0.0	0.5083334	0.65000004	0.3	0.15	2.630877	281.0	119.666664	4.7083335	10.708333	0.0	10.885182	6.0416665	157.02871179580688
44	3.039107	1.2901379	4.298539	0.0	132.375	0.35765308	0.8	0.05	0.51875	0.8	0.3	0.25	2.442931	205.0	122.833336	4.0833335	9.541667	0.0	10.266891	5.2916665	144.70877313613892
45	3.0128107	1.4571435	4.2894115	0.0	120.5	0.29896906	0.55	0.05	0.34166667	0.55	0.1	0.15	2.4304137	266.0	112.166664	4.0416665	8.333333	0.0	13.568798	5.0416665	147.1609387397766
46	3.3377228	1.0654978	4.4819107	0.44705883	121.708336	0.31121498	0.65000004	0.0	0.35625002	0.65000004	0.05	0.1	2.7255452	260.0	112.916664	4.4583335	8.791667	0.0	12.523697	5.0416665	157.40924835205078
47	3.6230345	0.81060135	4.408227	1.6285714	120.125	0.37276787	0.7	0.1	0.50714284	0.7	0.35	0.15	2.37943	277.0	109.083336	4.6666665	11.041667	0.0	8.906514	5.8333335	157.6827974319458
48	2.7202063	1.3183465	4.173333	0.0	140.625	0.29945055	0.65000004	0.0	0.41000003	0.65000004	0.25	0.35	2.3716054	247.0	132.75	3.7916667	7.875	0.0	11.3989105	4.8333335	145.35977387428284
49	2.800439	1.4986397	4.3933334	0.0	134.625	0.30108693	0.7	0.05	0.37222224	0.7	0.15	0.25	2.3532338	268.0	126.125	3.8333333	8.5	0.0	11.901043	4.5	145.36289525032043
50	2.6600153	1.496687	4.4459386	0.0	133.04167	0.2994382	0.75	0.05	0.46428576	0.75	0.1	0.3	2.4664104	274.0	124.708336	3.7083333	8.333333	0.0	8.31773	4.6666665	144.88652968406677
51	3.6362693	1.0415298	4.474444	0.0	100.333336	0.37045455	0.7	0.05	0.4125	0.7	0.05	0.15	2.5086656	187.0	90.583336	4.5833335	9.75	0.0	8.112208	5.5416665	157.30506825447083
52	2.979884	1.2732168	4.153183	0.0	143.54167	0.30051023	0.65000004	0.0	0.4	0.65000004	0.05	0.2	2.6172965	279.0	134.20833	4.0833335	9.333333	0.0	8.602241	5.2083335	149.99116444587708
53	3.355018	1.0422715	4.522338	0.2	129.45833	0.33785048	0.7	0.1	0.47916666	0.7	0.2	0.25	2.4745157	285.0	121.208336	4.4583335	8.25	0.0	13.4515	5.3333335	153.91029262542725
54	3.7497165	0.6064654	4.5316744	1.5600001	121.708336	0.38750005	0.8	0.1	0.55714285	0.8	0.35	0.3	2.5546536	281.0	110.625	4.8333335	11.083333	0.0	9.1759615	6.125	159.6681525707245
55	3.1221397	0.9196893	4.227143	0.96842104	142.66667	0.34375	0.65000004	0.05	0.4357143	0.65000004	0.25	0.35	2.3348217	247.0	132.625	4.3333335	10.041667	0.0	9.740861	5.375	151.3824179172516
56	3.391679	0.80137604	4.354389	0.7368421	131.58333	0.31009176	0.7	0.05	0.4	0.7	0.05	0.25	2.6256995	217.0	121.291664	4.5416665	10.291667	0.0	9.51951	5.625	157.62987971305847
57	3.0891445	1.3430555	4.1597385	0.0	123.333336	0.308	0.65000004	0.05	0.41428572	0.65000004	0.05	0.25	2.524523	228.0	114.583336	4.1666665	8.75	0.0	9.6334305	5.0833335	149.64042115211487
58	2.7013023	1.4313816	4.1699634	0.2	138.91667	0.26666665	0.65000004	0.0	0.3888889	0.65000004	0.2	0.3	2.4792738	212.0	131.375	3.875	7.5416665	0.0	13.956504	4.7916665	144.74635434150696
59	3.0637925	1.3121605	4.545641	0.2	148.91667	0.3489899	0.75	0.1	0.51666665	0.75	0.15	0.15	3.0377045	257.0	140.0	4.125	8.916667	0.0	11.765053	5.125	152.4622962474823
60	3.4802635	1.0736833	4.563481	0.2	125.458336	0.3226852	0.7	0.05	0.40625	0.7	0.1	0.1	2.54828	255.0	115.875	4.5	9.583333	0.0	10.469399	5.5416665	155.04690766334534
61	2.7765434	1.5876359	4.5353613	0.0	136.41667	0.32111114	0.65000004	0.05	0.4571429	0.65000004	0.15	0.2	2.6205785	242.0	128.91667	3.75	7.5	0.0	12.248975	4.9166665	145.22534465789795
62	2.9738665	1.4330977	4.2954545	0.0	141.83333	0.35989586	0.65000004	0.1	0.4777778	0.65000004	0.15	0.15	2.764715	275.0	133.08333	4.0	8.75	0.0	11.135587	4.9583335	149.12753319740295
63	3.4120238	0.99378884	4.344056	0.5263158	144.75	0.37149528	0.75	0.05	0.48125	0.75	0.2	0.3	2.1593392	258.0	134.58333	4.4583335	10.166667	0.0	15.047012	5.5833335	155.82504034042358
64	2.890692	1.2939343	4.3359766	0.0	143.29167	0.36473688	0.75	0.0	0.5	0.75	0.15	0.3	2.3823018	252.0	133.95833	3.9583333	9.333333	0.0	10.282737	4.875	148.12493777275085
65	3.5011387	0.9293453	4.502405	0.96842104	116.75	0.39636362	0.8	0.05	0.53333336	0.8	0.05	0.15	2.6873848	243.0	107.416664	4.5833335	9.333333	0.0	11.992568	5.2916665	156.75138878822327
66	3.0109684	1.2904557	4.4712553	0.0	154.875	0.33697915	0.7	0.0	0.37500003	0.7	0.1	0.2	2.809421	318.0	145.125	4.0	9.75	0.0	9.191018	4.625	150.01279306411743
67	2.9551601	1.3605298	4.246154	0.0	129.375	0.275	0.65000004	0.0	0.29444444	0.65000004	0.1	0.2	2.7186806	243.0	120.625	4.0833335	8.75	0.0	9.964307	5.125	147.61447310447693
68	3.2756221	1.2039623	4.2616415	0.5777778	124.916664	0.35485438	0.7	0.05	0.36874998	0.7	0.05	0.15	2.97035	242.0	115.583336	4.2916665	9.333333	0.0	9.577617	5.5	154.3717806339264
69	3.2643719	1.3689084	4.4828963	0.2	125.875	0.37087378	0.75	0.05	0.51250005	0.75	0.1	0.3	2.1111271	249.0	116.5	4.2916665	9.375	0.0	17.50964	5.375	152.40189838409424
70	2.772105	1.4950852	4.3291364	0.0	136.66667	0.3320652	0.75	0.0	0.48333332	0.75	0.2	0.25	2.551969	273.0	128.04167	3.8333333	8.625	0.0	10.12577	4.5416665	144.6013000011444
71	3.4524822	1.0702087	4.5549417	0.5777778	118.041664	0.3912037	0.7	0.05	0.475	0.7	0.2	0.1	2.7932115	283.0	107.583336	4.5	10.458333	0.0	8.647388	5.2916665	158.5749237537384
72	2.910703	1.3488535	4.730634	0.0	157.20833	0.39462367	0.90000004	0.1	0.49166667	0.90000004	0.2	0.2	2.6005082	209.0	148.33333	3.875	8.875	0.0	14.236371	4.9583335	149.29262948036194
73	3.2160282	1.2446011	4.4607487	0.0	132.125	0.3303922	0.7	0.0	0.4318182	0.7	0.1	0.15	2.2599602	306.0	123.666664	4.25	8.458333	0.0	10.960698	5.3333335	153.6422884464264
74	3.3385136	1.0190657	4.3668065	0.5846154	139.79167	0.37428576	0.7	0.05	0.4722222	0.7	0.2	0.15	2.4385273	268.0	129.91667	4.375	9.875	0.0	10.332446	5.2916665	155.99890971183777
75	3.565142	1.0221859	4.466199	0.0	126.916664	0.4027778	0.75	0.05	0.45000002	0.75	0.15	0.55	1.7146103	233.0	117.125	4.5	9.791667	0.0	9.90168	5.8333335	156.29174065589905
76	2.3095138	1.5468044	4.2193174	0.0	145.04167	0.33481014	0.65000004	0.0	0.4045455	0.65000004	0.05	0.05	3.3962674	302.0	138.45833	3.2916667	6.5833335	0.0	9.170338	4.2083335	134.33439135551453
77	3.2140248	1.3145608	4.331282	0.0	127.25	0.37150002	0.7	0.0	0.48333335	0.7	0.35	0.2	2.7044888	243.0	118.541664	4.1666665	8.708333	0.0	9.342929	5.3333335	151.87164568901062
78	2.9459667	1.3204728	4.3532977	0.0	140.41667	0.3778947	0.75	0.0	0.53	0.75	0.2	0.25	2.4060156	284.0	132.75	3.9583333	7.6666665	0.0	11.9244585	4.5416665	148.31210017204285
79	3.1236808	1.2008148	4.34101	0.44210526	154.0	0.39747477	0.75	0.1	0.46666664	0.75	0.1	0.35	1.9271752	236.0	145.29167	4.125	8.708333	0.0	15.013382	5.2083335	152.4741861820221
80	3.555083	1.0054319	4.45439	0.2	116.541664	0.33409095	0.8	0.05	0.48000002	0.8	0.15	0.3	2.586092	308.0	106.958336	4.5833335	9.583333	0.0	9.540651	5.6666665	157.29393005371094
81	3.1469028	1.2504967	4.5709524	0.2	131.375	0.35833335	0.75	0.0	0.46249998	0.75	0.25	0.15	2.6615765	265.0	122.625	4.25	8.75	0.0	9.114093	5.25	150.9055688381195
82	3.2341416	1.2129864	4.666667	0.6	123.166664	0.40247524	0.90000004	0.05	0.50625	0.90000004	0.15	0.35	2.1633976	259.0	113.583336	4.2083335	9.583333	0.0	9.847043	5.25	151.3344509601593
83	3.1034698	1.1839206	4.571616	0.0	141.08333	0.3823232	0.7	0.0	0.445	0.7	0.2	0.25	2.5569758	274.0	131.95833	4.125	9.125	0.0	15.167435	5.125	149.397766828537
84	3.4832284	1.0377451	4.5686812	0.6	125.0	0.4083334	0.75	0.05	0.50625	0.75	0.05	0.2	2.3175335	207.0	115.083336	4.5	9.916667	0.0	13.003754	5.3333335	160.71821999549866
85	3.3154247	0.88234323	4.428151	1.0285714	140.0	0.43380952	0.7	0.2	0.57000005	0.7	0.35	0.4	2.1917977	316.0	130.75	4.375	9.25	0.0	11.707236	5.2083335	153.83552145957947
86	3.264287	1.1495265	4.5135045	0.5411765	125.583336	0.39852944	0.7	0.05	0.47499996	0.7	0.3	0.35	2.1535912	271.0	115.625	4.25	9.958333	0.0	8.837414	5.7916665	149.57919645309448
87	3.7368174	0.6616293	4.5046153	1.8742857	114.791664	0.38608697	0.7	0.1	0.49166667	0.7	0.3	0.15	2.5487897	277.0	104.333336	4.7916665	10.458333	0.0	10.037291	6.0	161.92359280586243
88	3.0085962	1.2105874	4.525861	0.2	145.58333	0.34050003	0.75	0.05	0.39999998	0.75	0.05	0.1	2.8308392	295.0	136.91667	4.1666665	8.666667	0.0	13.028206	5.2083335	152.00318956375122
89	3.3376477	1.0788008	4.528478	0.6	137.75	0.41857144	0.7	0.15	0.52500004	0.7	0.35	0.2	2.6627839	314.0	127.25	4.375	10.5	0.0	10.583451	5.7916665	154.85505986213684
90	3.5203001	0.9694875	4.27697	0.5846154	124.125	0.40963304	0.8	0.1	0.5666667	0.8	0.2	0.1	2.772746	248.0	114.75	4.5416665	9.375	0.0	10.130643	5.5	154.97387409210205
91	2.8306096	1.4014245	4.1741176	0.0	134.91667	0.3858696	0.7	0.05	0.42857143	0.7	0.2	0.5	2.1779876	313.0	125.166664	3.8333333	9.75	0.0	11.860405	4.875	143.4062819480896
92	3.4138145	0.8431127	4.241026	1.247619	120.583336	0.40090913	0.7	0.1	0.4666667	0.7	0.2	0.15	2.8036716	338.0	110.958336	4.5833335	9.625	0.0	11.626217	5.625	155.85523009300232
93	3.341913	1.2212585	4.52	0.0	138.95833	0.3926471	0.85	0.1	0.48749998	0.85	0.25	0.25	2.3438594	247.0	129.83333	4.25	9.125	0.0	10.525451	5.3333335	150.00254106521606
94	3.116331	1.2009997	4.2476606	0.0	126.75	0.30950004	0.7	0.05	0.39374998	0.7	0.1	0.25	2.1974156	237.0	117.791664	4.1666665	8.958333	0.0	8.254771	5.0416665	155.19580507278442
95	2.9162178	1.4278126	4.4533334	0.0	135.58333	0.40537634	0.75	0.1	0.5285714	0.75	0.4	0.25	2.4499526	300.0	127.0	3.875	8.583333	0.0	13.081754	5.0833335	146.82205820083618
96	3.163269	1.4222381	4.7114453	0.0	130.5	0.44242427	0.75	0.15	0.56	0.75	0.35	0.05	2.7322605	190.0	122.458336	4.125	8.041667	0.0	9.135318	5.125	152.97455096244812
97	3.0300572	1.2723292	4.275387	0.0	150.16667	0.38333336	0.7	0.05	0.46666664	0.7	0.1	0.15	2.7869124	297.0	141.20833	4.0	8.958333	0.0	11.126231	4.9583335	150.75437784194946
98	3.3207989	1.2557086	4.4410257	0.2	138.33333	0.40980387	0.75	0.05	0.46818182	0.75	0.1	0.2	2.2658374	289.0	127.625	4.25	10.708333	0.0	10.590945	5.5416665	152.38108038902283
99	3.497104	0.8954958	4.53916	1.3466667	122.041664	0.45458716	0.85	0.15	0.53125	0.85	0.25	0.2	2.4712646	300.0	111.958336	4.5416665	10.083333	0.0	9.060657	5.75	156.04291558265686
100	3.0439389	1.3234975	4.4678073	0.0	150.95833	0.40927836	0.7	0.15	0.48750004	0.7	0.25	0.25	2.5306358	276.0	142.70833	4.0416665	8.25	0.0	14.618596	5.0416665	149.56253480911255
101	3.5853434	1.1265444	4.8284035	0.56	122.875	0.46682242	0.8	0.1	0.6	0.8	0.35	0.3	2.394454	311.0	113.375	4.4583335	9.5	0.0	9.217918	5.3333335	135.66007804870605
102	3.1438	1.2421788	4.633248	0.0	144.79167	0.39700007	0.8	0.1	0.4769231	0.8	0.1	0.4	1.7978885	227.0	135.16667	4.1666665	9.625	0.0	12.060618	5.0833335	135.4621181488037
103	3.1067932	1.5126519	4.5967135	0.2	123.291664	0.3515306	0.7	0.0	0.49499997	0.7	0.25	0.2	2.533099	264.0	113.75	4.0833335	9.541667	0.0	11.339531	5.2083335	128.0240194797516
104	3.157728	1.2239138	4.330999	0.2	123.416664	0.39509806	0.7	0.05	0.49285716	0.7	0.3	0.2	2.7358975	309.0	114.625	4.25	8.791667	0.0	9.079823	5.3333335	134.19010472297668
105	3.3619711	1.1027864	4.5077925	0.2	121.833336	0.37122643	0.7	0.1	0.4722222	0.7	0.1	0.35	2.113914	276.0	111.583336	4.4166665	10.25	0.0	8.848167	5.5833335	137.68544125556946
106	3.065746	1.2946218	4.418562	0.2	149.41667	0.3838384	0.65000004	0.1	0.55833334	0.65000004	0.45000002	0.1	3.1078942	261.0	139.45833	4.125	9.958333	0.0	10.489072	5.4583335	134.9024920463562
107	3.1671379	1.2612816	4.72	0.44210526	143.75	0.40100002	0.75	0.1	0.45	0.75	0.1	0.65000004	1.9650333	306.0	134.66667	4.1666665	9.083333	0.0	13.829437	5.25	138.6658854484558
108	3.519533	1.1025697	4.486154	0.0	120.958336	0.40233648	0.75	0.05	0.515	0.75	0.2	0.3	2.5323963	267.0	111.208336	4.4583335	9.75	0.0	8.694655	5.4583335	138.87684750556946
109	3.075736	1.492501	4.516667	0.0	137.04167	0.35989586	0.7	0.05	0.5	0.7	0.2	0.2	2.583886	259.0	128.0	4.0	9.041667	0.0	10.023166	5.0833335	131.11443376541138
110	3.1385384	1.2644446	4.833243	0.0	136.83333	0.37777776	0.90000004	0.0	0.5142857	0.90000004	0.25	0.35	2.4302716	289.0	129.41667	4.125	7.4166665	0.0	14.742691	5.0416665	131.98007130622864
111	2.9484186	1.3960804	4.5076923	0.2	133.20833	0.42864585	0.90000004	0.15	0.50625	0.90000004	0.15	0.45000002	2.0748906	289.0	124.833336	4.0	8.375	0.0	10.645554	4.875	128.82285332679749
112	3.3887806	1.0727086	4.412838	0.2	133.04167	0.37809524	0.7	0.15	0.525	0.7	0.15	0.4	2.4192789	241.0	122.041664	4.375	11.0	0.0	9.4681015	5.7916665	134.0849437713623
113	3.4463546	1.0689507	4.3409524	0.2	116.916664	0.40000004	0.8	0.05	0.4944445	0.8	0.2	0.15	2.6369443	250.0	107.833336	4.4583335	9.083333	0.0	9.756115	5.4583335	143.4317123889923
114	3.274841	1.2654046	4.633333	0.0	126.208336	0.38725495	0.85	0.1	0.4944445	0.85	0.25	0.3	2.1020207	195.0	117.333336	4.25	8.875	0.0	11.766795	4.9583335	134.8849892616272
115	3.4190512	1.3956342	4.6934047	0.2	121.916664	0.43676466	0.8	0.05	0.575	0.8	0.4	0.15	2.5857167	228.0	113.166664	4.25	8.75	0.0	10.25821	5.0833335	138.06911659240723
116	3.2605267	1.1032213	4.3554068	0.6	140.375	0.38990387	0.7	0.05	0.4625	0.7	0.15	0.25	2.126513	194.0	131.04167	4.3333335	9.333333	0.0	12.300075	5.2916665	130.2219250202179
117	3.1303167	1.3215206	4.4910693	0.0	142.83333	0.37777776	0.75	0.05	0.52	0.75	0.3	0.25	2.3713064	207.0	133.08333	4.125	9.75	0.0	10.619089	5.0833335	123.63339734077454
118	3.311308	1.0675479	4.3235164	0.2	130.45833	0.40142858	0.7	0.15	0.56875	0.7	0.45000002	0.4	1.8952999	314.0	120.958336	4.375	9.5	0.0	10.633035	5.25	144.1698179244995
119	3.125203	1.3739768	4.501499	0.0	128.83333	0.34387755	0.7	0.0	0.4136364	0.7	0.05	0.4	1.8827801	273.0	119.791664	4.0833335	9.041667	0.0	9.15231	5.2083335	132.19577813148499
120	3.2995129	1.1642362	4.482124	0.2	119.958336	0.37836537	0.7	0.1	0.4888889	0.7	0.25	0.3	2.2335596	232.0	111.083336	4.3333335	8.875	0.0	8.903259	5.25	131.11155533790588
121	3.3690827	0.9816505	4.380171	0.96	132.45833	0.3892523	0.8	0.05	0.54444444	0.8	0.3	0.25	2.488346	231.0	122.416664	4.4583335	10.041667	0.0	10.654383	5.5833335	142.58605074882507
122	3.1433957	1.3022194	4.5718417	0.49411765	141.04167	0.4580808	0.85	0.15	0.6222222	0.85	0.45000002	0.35	2.1530468	225.0	132.0	4.125	9.041667	0.0	10.961372	5.0	130.70058465003967
123	3.6970026	1.1690465	4.5825644	0.0	105.583336	0.45681813	0.75	0.05	0.55833334	0.75	0.1	0.2	2.2402015	243.0	95.708336	4.5833335	9.875	0.0	8.745185	5.5833335	141.2703402042389
124	3.3389752	1.1248109	4.4983683	0.2	124.916664	0.3849057	0.75	0.05	0.5214286	0.75	0.15	0.5	1.9147599	243.0	115.208336	4.4166665	9.708333	0.0	9.790498	5.4583335	142.0774130821228
125	3.2689397	1.2741334	4.5066667	0.2	120.666664	0.41990292	0.7	0.0	0.50000006	0.7	0.2	0.4	2.1112344	167.0	110.791664	4.2916665	9.875	0.0	10.336315	5.125	133.59003710746765
126	3.491088	1.1265616	4.497436	0.0	120.5	0.40140188	0.75	0.05	0.47857144	0.75	0.2	0.4	1.9657848	220.0	110.791664	4.4583335	9.708333	0.0	9.494101	5.875	138.8288562297821
127	3.1566322	1.2451833	4.366667	0.44705883	138.0	0.43636364	0.75	0.05	0.5875	0.75	0.4	0.15	2.407603	201.0	128.875	4.125	9.125	0.0	9.748201	5.0833335	136.19527649879456
128	3.5692093	1.1673363	4.6666665	0.0	129.75	0.4635514	0.8	0.1	0.58571434	0.8	0.2	0.45000002	1.9340496	223.0	119.416664	4.4583335	10.333333	0.0	9.425538	5.4583335	140.40954518318176
129	3.3128126	1.1870146	4.3685713	0.2	129.79167	0.35095236	0.75	0.05	0.42500004	0.75	0.1	0.4	2.297459	226.0	121.625	4.375	8.166667	0.0	13.981491	5.1666665	139.8038890361786
130	3.335005	1.275416	4.5161905	0.2	119.416664	0.44460785	0.75	0.05	0.61499995	0.75	0.45000002	0.35	2.0940053	245.0	109.958336	4.25	9.458333	0.0	7.5405006	5.375	139.2195746898651
131	3.5243587	1.1171304	4.609231	1.0285714	129.08333	0.45467287	0.8	0.15	0.46428576	0.8	0.15	0.4	1.9887949	245.0	118.625	4.4583335	10.458333	0.0	12.783214	5.5833335	147.84886765480042
132	3.3084214	1.1196511	4.6878433	0.2	154.25	0.34708738	0.8	0.05	0.52500004	0.8	0.15	0.35	2.0851007	192.0	144.45833	4.2916665	9.791667	0.0	12.81486	5.2083335	143.19897985458374
133	3.5650094	1.1699053	4.604884	0.5	109.125	0.46355143	0.8	0.15	0.5857143	0.8	0.25	0.35	2.0988135	180.0	100.375	4.4583335	8.75	0.0	8.823146	5.75	142.75022745132446
134	2.8074276	1.3732808	4.442491	0.0	142.70833	0.40494505	0.7	0.15	0.48571435	0.7	0.25	0.35	2.1686466	212.0	133.625	3.7916667	9.083333	0.0	9.359187	5.1666665	133.84850883483887
135	3.7562635	0.7415364	4.63342	1.75	122.666664	0.4346491	0.8	0.05	0.57500005	0.8	0.25	0.45000002	1.8391796	211.0	111.416664	4.75	11.25	0.0	10.00614	6.25	147.74803256988525
136	3.3727233	1.1036886	4.618188	0.2	129.375	0.4144231	0.8	0.1	0.49	0.8	0.1	0.45000002	1.9533262	223.0	119.541664	4.3333335	9.833333	0.0	9.411017	5.4166665	143.6204924583435
137	3.1333525	1.32231	4.393504	0.53333336	126.458336	0.4358586	0.75	0.1	0.54444444	0.75	0.3	0.2	2.3373318	213.0	117.083336	4.125	9.375	0.0	14.848778	5.5	140.19971823692322
138	3.4577463	0.88931894	4.6087303	1.21	124.25	0.45613205	0.8	0.05	0.53125	0.8	0.35	0.3	2.064217	247.0	115.833336	4.4166665	8.416667	0.0	10.205672	5.1666665	151.77029991149902
139	3.4219446	1.2396045	4.3538594	0.4888889	119.875	0.42783025	0.75	0.1	0.55	0.75	0.2	0.2	2.2131715	223.0	111.166664	4.4166665	8.708333	0.0	12.126376	5.375	144.02117562294006
140	3.3757458	1.2073499	4.7112823	0.6	119.833336	0.4080952	0.75	0.1	0.55	0.75	0.3	0.2	3.0929258	220.0	109.541664	4.375	10.291667	0.0	9.041261	5.7916665	136.0434534549713
141	3.5166693	1.1478671	4.8031373	0.54545456	126.458336	0.46650943	0.85	0.15	0.7	0.85	0.45000002	0.3	1.967418	184.0	116.958336	4.4166665	9.5	0.0	9.335533	5.125	147.9809215068817
142	3.6746683	1.0182707	5.0	0.0	111.791664	0.4627273	0.85	0.1	0.5500001	0.85	0.2	0.2	2.4975371	227.0	101.791664	4.5833335	10.0	0.0	8.364514	5.6666665	146.9942009449005
143	3.1843102	1.2708987	4.35	0.2	132.04167	0.4395	0.85	0.1	0.48333332	0.85	0.25	0.4	1.9663229	222.0	123.041664	4.1666665	9.0	0.0	14.794652	5.0	143.6890721321106
144	3.138198	1.4179176	4.705983	0.0	139.04167	0.44999996	0.85	0.1	0.59000003	0.85	0.2	0.1	2.7962604	245.0	130.20833	3.9583333	8.833333	0.0	8.996835	5.0	137.33316659927368
145	2.6868641	1.4768792	4.623081	0.2	152.29167	0.4586206	0.85	0.05	0.4944445	0.85	0.1	0.45000002	1.9115341	230.0	144.625	3.625	7.6666665	0.0	9.0035715	4.625	134.18221068382263
146	3.450341	0.8007601	4.3801785	1.324812	143.66667	0.46064818	0.75	0.1	0.51428574	0.75	0.3	0.4	1.7926414	228.0	133.04167	4.5	10.625	0.0	11.152736	5.75	143.17155623435974
147	3.6622326	1.0361018	4.362727	0.6	108.0	0.4058036	0.7	0.15	0.48333332	0.7	0.25	0.3	2.5851836	301.0	99.125	4.6666665	8.875	0.0	11.858041	5.4583335	140.375568151474
148	3.3086445	1.1694119	4.42906	0.6	120.875	0.44375002	0.8	0.1	0.67	0.8	0.55	0.25	1.9106328	221.0	112.0	4.3333335	8.875	0.0	9.692897	5.2916665	140.23168992996216
149	3.1137743	1.3305819	4.478788	0.2	134.91667	0.4345361	0.75	0.15	0.51250005	0.75	0.15	0.3	2.1373756	214.0	125.833336	4.0416665	9.083333	0.0	10.789249	5.0833335	133.44206929206848
150	3.1682475	1.2558862	4.3625135	0.0	110.791664	0.37794113	0.8	0.1	0.54	0.8	0.35	0.45000002	1.79866	233.0	102.916664	4.25	7.875	0.0	9.792946	4.8333335	134.86507964134216
151	3.3412077	1.1345917	4.2242427	0.0	143.125	0.4104762	0.7	0.1	0.41363633	0.7	0.1	0.35	2.07081	217.0	132.79167	4.375	10.333333	0.0	11.0575485	5.4583335	141.31856560707092
152	3.4708474	1.125067	4.460513	0.44705883	122.333336	0.4537383	0.85	0.1	0.54375	0.85	0.25	0.3	1.701103	217.0	112.541664	4.4583335	9.791667	0.0	8.570736	5.3333335	141.42373132705688
153	3.5067317	0.97084105	4.3789473	1.2	129.33333	0.40138894	0.7	0.05	0.5222222	0.7	0.25	0.4	1.9911287	239.0	119.958336	4.5	9.375	0.0	9.4946375	5.2916665	139.24456644058228
154	3.3167512	0.97361565	4.5087786	0.85714287	133.33333	0.43523806	0.7	0.1	0.54375005	0.7	0.25	0.3	2.0085642	259.0	123.291664	4.375	10.041667	0.0	9.571303	5.4583335	134.94626379013062
155	3.6851776	0.91920376	4.5128207	1.0666666	106.0	0.45044643	0.8	0.1	0.52000004	0.8	0.1	0.2	2.2112253	198.0	96.25	4.6666665	9.75	0.0	7.64545	5.8333335	142.81721997261047
156	3.4437313	1.2346292	4.422065	0.2	128.83333	0.44047618	0.85	0.15	0.5888889	0.85	0.2	0.45000002	1.7566059	192.0	118.666664	4.375	10.166667	0.0	8.53262	5.9166665	139.93000650405884
157	3.3123505	1.2097024	4.381211	0.0	105.875	0.4067961	0.75	0.0	0.52	0.75	0.25	0.35	1.9404844	245.0	97.416664	4.2916665	8.458333	0.0	10.683652	5.25	138.81028032302856
158	3.3913221	1.1962262	4.386667	0.2	132.45833	0.45096156	0.8	0.1	0.535	0.8	0.2	0.3	2.4604907	250.0	122.583336	4.3333335	9.875	0.0	10.90017	5.7916665	140.06632375717163
159	2.9943154	1.4163904	4.368244	0.0	140.41667	0.38157898	0.7	0.1	0.49499997	0.7	0.1	0.3	2.0836375	275.0	131.58333	3.9583333	8.833333	0.0	9.377063	5.0416665	132.3629834651947
160	3.3492968	1.198541	4.5981817	0.2	118.958336	0.46346155	0.8	0.05	0.5166667	0.8	0.2	0.3	1.8628626	186.0	111.0	4.3333335	7.9583335	0.0	9.931775	5.375	136.93619418144226
161	3.2538357	1.2993761	4.4974604	0.2	142.625	0.45649993	0.85	0.15	0.55	0.85	0.2	0.5	1.8112749	222.0	133.83333	4.1666665	8.791667	0.0	17.73897	5.1666665	134.3238480091095
162	3.6408148	1.1503993	4.665452	0.45714283	131.125	0.5518868	0.85	0.15	0.6666667	0.85	0.35	0.25	2.1364255	283.0	120.375	4.4166665	10.75	0.0	9.631437	5.5833335	140.91761994361877
163	3.2828076	1.2212611	4.495043	0.0	135.45833	0.48118815	0.85	0.1	0.57500005	0.85	0.3	0.45000002	2.1076736	240.0	127.5	4.2083335	7.9583335	0.0	12.987788	5.0833335	142.34068536758423
164	3.6961906	1.0735697	4.682353	0.90000004	125.041664	0.49678898	0.8	0.1	0.50625	0.8	0.2	0.3	1.9606737	155.0	114.75	4.5416665	10.291667	0.0	9.537793	5.9166665	148.57998657226562
165	3.6891794	0.7319191	4.5191145	1.8646154	118.666664	0.45848212	0.8	0.05	0.605	0.8	0.4	0.4	2.3191674	263.0	109.5	4.6666665	9.166667	0.0	10.158394	5.5833335	145.4456717967987
166	3.555046	1.1562257	4.6517963	0.9714286	113.25	0.4616823	0.7	0.05	0.5571429	0.7	0.3	0.4	2.014526	241.0	103.416664	4.4583335	9.833333	0.0	8.85657	5.375	138.39566564559937
167	3.4714432	1.0839349	4.590476	0.0	131.95833	0.46168223	0.75	0.1	0.57500005	0.75	0.4	0.15	2.6517394	232.0	121.25	4.4583335	10.708333	0.0	8.960205	5.6666665	137.78411316871643
168	3.2298734	1.1088016	4.5757575	0.5846154	150.66667	0.43284312	0.8	0.15	0.6	0.8	0.35	0.4	2.2639225	259.0	141.08333	4.25	9.583333	0.0	11.973457	5.2083335	139.62952136993408
169	3.3172863	1.2191417	4.355847	0.2	137.29167	0.41650483	0.75	0.05	0.50555557	0.75	0.1	0.55	1.612273	272.0	126.875	4.2916665	10.416667	0.0	11.805774	5.625	141.12620162963867
170	3.1708663	1.5327854	5.060433	0.0	142.25	0.48138297	0.85	0.1	0.6	0.85	0.3	0.4	1.933362	240.0	133.66667	3.9166667	8.583333	0.0	9.668326	4.625	131.40771746635437
171	3.1204853	1.2676194	4.3746033	0.6	125.583336	0.42727277	0.8	0.1	0.54	0.8	0.15	0.25	2.409059	219.0	116.083336	4.125	9.5	0.0	9.97614	5.2083335	134.37090706825256
172	3.7300484	0.98305184	4.8962564	0.6857143	126.708336	0.5022727	0.85	0.15	0.665	0.85	0.4	0.25	2.7737496	223.0	117.125	4.5833335	9.583333	0.0	11.34964	5.4583335	138.31160497665405
173	3.3443775	1.2652215	4.5614676	0.0	146.0	0.48366335	0.85	0.15	0.5111111	0.85	0.15	0.25	2.5559165	199.0	136.91667	4.2083335	9.083333	0.0	11.934422	5.2083335	135.23711848258972
174	3.3966057	1.2348101	4.780131	0.2	115.083336	0.43942308	0.75	0.1	0.58750004	0.75	0.35	0.45000002	1.9837153	197.0	106.375	4.3333335	8.708333	0.0	9.041025	5.4166665	137.06902480125427
175	3.0705812	1.2617232	4.637802	0.6	127.083336	0.4611111	0.75	0.15	0.6416667	0.75	0.5	0.3	2.1291013	260.0	118.083336	4.125	9.0	0.0	8.61979	5.2083335	132.42901420593262
176	2.906066	1.6187395	4.573986	0.0	133.58333	0.45989013	0.85	0.05	0.55833334	0.85	0.25	0.4	1.9366992	237.0	125.791664	3.7916667	7.7916665	0.0	13.263537	4.625	126.34680795669556
177	2.8412552	1.4989823	4.2986016	0.0	144.25	0.42637363	0.8	0.15	0.55625004	0.8	0.2	0.4	2.0280519	118.0	135.70833	3.7916667	8.541667	0.0	14.467728	4.625	129.2271146774292
178	3.481781	1.3874711	5.2727275	0.0	113.5	0.5242574	0.90000004	0.2	0.55	0.90000004	0.25	0.4	2.0784678	249.0	104.25	4.2083335	9.25	0.0	13.57845	5.2083335	139.18071150779724
179	3.3333113	1.1407409	4.4285717	0.6	122.208336	0.4514423	0.8	0.1	0.6125	0.8	0.35	0.2	2.0810971	237.0	112.583336	4.3333335	9.625	0.0	8.731637	5.3333335	134.10631442070007
180	3.510804	1.3585445	5.2000003	0.2	124.5	0.49567312	0.90000004	0.15	0.57272726	0.90000004	0.2	0.55	1.8680391	251.0	114.5	4.3333335	10.0	0.0	10.298267	5.2916665	136.52810311317444
181	3.8443024	0.8377553	4.932857	0.6666666	133.16667	0.5212389	0.8	0.2	0.61818177	0.8	0.35	0.35	1.9490067	245.0	122.625	4.7083335	10.541667	0.0	13.074698	5.9583335	142.36249923706055
182	3.2582169	1.4159771	4.73994	0.0	131.25	0.44591832	0.8	0.1	0.6166667	0.8	0.45000002	0.35	1.9305328	245.0	121.458336	4.0833335	9.791667	0.0	9.709763	5.25	135.7220377922058
183	3.3623717	1.1008013	4.44	0.85714287	131.125	0.42264146	0.7	0.1	0.47727272	0.7	0.15	0.3	2.3546538	265.0	122.041664	4.4166665	9.083333	0.0	12.236771	5.4166665	138.64830136299133
184	3.286978	1.1516548	4.497059	0.0	135.91667	0.4383495	0.75	0.1	0.5625	0.75	0.2	0.4	1.9702698	209.0	127.083336	4.2916665	8.833333	0.0	10.086457	5.2916665	139.00644040107727
185	3.106775	1.4807727	4.8232036	0.2	129.79167	0.48958334	0.85	0.15	0.575	0.85	0.4	0.35	1.9842136	168.0	121.666664	4.0	8.125	0.0	14.592685	4.9583335	134.4315469264984
186	3.552863	1.0335869	4.5076923	0.5333333	129.29167	0.4814815	0.85	0.15	0.60625005	0.85	0.25	0.4	2.2163885	233.0	118.958336	4.5	10.333333	0.0	10.89204	5.4583335	141.04162287712097
187	2.9727237	1.5475489	4.7579083	0.0	149.375	0.5303371	0.90000004	0.1	0.67142856	0.90000004	0.35	0.25	2.277105	237.0	141.0	3.7083333	8.375	0.0	10.823548	4.9166665	130.89683723449707
188	3.0937145	1.3945509	4.404103	0.0	149.75	0.4744681	0.75	0.2	0.58000004	0.75	0.35	0.55	1.8218654	234.0	141.25	3.9166667	8.5	0.0	8.45038	5.3333335	139.74497079849243
189	3.062315	1.4300501	4.4885716	0.0	143.0	0.4947368	0.85	0.1	0.65	0.85	0.45000002	0.4	1.6291653	229.0	133.16667	3.9583333	9.833333	0.0	8.934113	5.1666665	131.99471426010132
190	3.4626935	1.0119948	4.567619	0.55	144.5	0.5098131	0.8	0.1	0.6125	0.8	0.35	0.4	1.9859616	217.0	134.875	4.4583335	9.625	0.0	12.770676	5.3333335	145.93545699119568
191	3.31991	1.2279558	4.6824536	0.2	121.375	0.4455882	0.8	0.1	0.57857144	0.8	0.35	0.55	1.8374542	261.0	111.583336	4.25	9.791667	0.0	9.070754	5.25	132.86349844932556
192	3.52785	0.9563879	4.4885716	0.6	130.66667	0.54811317	0.90000004	0.1	0.7222222	0.90000004	0.5	0.4	1.8043432	220.0	121.458336	4.4166665	9.208333	0.0	9.126821	5.375	138.08327984809875
193	3.064964	1.4924614	4.4630365	0.0	118.166664	0.4829788	0.75	0.15	0.5666667	0.75	0.3	0.5	1.7722012	222.0	110.458336	3.9166667	7.7083335	0.0	9.678849	5.2083335	135.25652933120728
194	3.2242823	1.3047595	4.6769233	0.2	129.625	0.47575757	0.85	0.05	0.5277778	0.85	0.05	0.4	1.930369	289.0	119.666664	4.125	9.958333	0.0	11.713656	4.9583335	133.1016230583191
195	3.404559	1.026364	4.387164	0.47272724	141.41667	0.44198117	0.75	0.1	0.57500005	0.75	0.35	0.35	2.0020661	249.0	130.75	4.4166665	10.666667	0.0	9.993531	5.7916665	141.3962802886963
196	3.7850192	1.0493382	4.689786	0.5714286	119.375	0.4824324	0.90000004	0.05	0.5812501	0.90000004	0.2	0.3	2.0347927	238.0	109.666664	4.625	9.708333	0.0	14.916215	5.4583335	142.13428449630737
197	3.1201515	1.4201912	4.6787877	0.0	127.125	0.52947366	0.85	0.25	0.69166666	0.85	0.4	0.3	1.9667832	180.0	120.125	3.9583333	7.0	0.0	12.275914	4.625	133.49862432479858
198	3.2519474	1.4807663	4.68	0.0	134.91667	0.4959184	0.85	0.1	0.66	0.85	0.25	0.25	2.4181094	249.0	126.125	4.0833335	8.791667	0.0	7.997022	4.9583335	131.91774773597717
199	3.0997174	1.3087931	4.6720514	0.2	135.33333	0.4765306	0.8	0.05	0.6	0.8	0.3	0.35	1.956214	263.0	126.125	4.0833335	9.208333	0.0	8.971904	5.2916665	140.43464016914368
200	3.426089	1.1466748	4.9688888	0.7368421	128.70833	0.49854368	0.85	0.15	0.66818184	0.85	0.45000002	0.4	1.844182	218.0	120.041664	4.2916665	8.666667	0.0	10.366951	5.4583335	138.26581931114197
201	3.5208123	1.1931423	4.813822	0.54545456	145.125	0.53413457	0.95	0.15	0.6333333	0.95	0.2	0.5	1.6541502	220.0	135.66667	4.3333335	9.458333	0.0	12.331929	5.4583335	132.36841249465942
202	3.5369081	1.2773412	4.687692	0.0	117.375	0.4542056	0.85	0.0	0.6166667	0.85	0.35	0.55	1.5259353	247.0	106.75	4.4583335	10.625	0.0	8.21319	5.75	135.21010780334473
203	3.5708435	1.2952039	4.6	0.0	120.541664	0.4863208	0.85	0.1	0.6571428	0.85	0.4	0.4	1.9737298	210.0	111.75	4.4166665	8.791667	0.0	12.84937	5.125	129.21893525123596
204	3.824846	0.8859822	4.5897474	0.9882353	109.791664	0.46415925	0.8	0.1	0.56111115	0.8	0.1	0.4	1.9512469	216.0	99.583336	4.7083335	10.208333	0.0	9.1614	5.9583335	133.4650890827179
205	3.6127594	0.9555875	4.64329	1.28	137.29167	0.5112149	0.95	0.1	0.60555553	0.95	0.35	0.25	2.426976	247.0	127.333336	4.4583335	9.958333	0.0	8.59415	5.8333335	137.1381537914276
206	3.463234	1.2778695	4.459858	0.0	124.041664	0.5067308	0.90000004	0.15	0.6333334	0.90000004	0.35	0.3	2.059741	228.0	114.041664	4.3333335	10.0	0.0	8.379647	5.25	128.03139567375183
207	3.7119904	0.8465132	4.643978	0.6	117.833336	0.4915929	0.85	0.2	0.6285715	0.85	0.35	0.45000002	1.8583338	216.0	106.583336	4.7083335	11.25	0.0	9.512832	6.0833335	136.43769693374634
208	3.4387844	1.3544642	4.768254	0.0	127.166664	0.50631076	0.85	0.15	0.60625	0.85	0.15	0.6	1.500019	276.0	119.125	4.2916665	8.041667	0.0	11.624082	4.9583335	128.005784034729
209	3.4289687	1.2251184	4.6335354	0.0	131.54167	0.5048077	0.85	0.1	0.6428572	0.85	0.45000002	0.35	2.0082905	227.0	122.916664	4.3333335	8.625	0.0	12.653026	5.3333335	126.98753714561462
210	3.6618462	1.0494963	5.0676193	0.2	129.125	0.5027523	0.90000004	0.15	0.66	0.90000004	0.4	0.5	1.98764	268.0	118.333336	4.5416665	10.791667	0.0	9.804233	5.75	130.87343430519104
211	3.1034145	1.3272846	4.708889	0.0	139.125	0.52872336	0.95	0.15	0.625	0.95	0.25	0.4	1.8723778	212.0	128.91667	3.9166667	10.208333	0.0	9.010022	5.125	124.09483289718628
212	3.0459964	1.5139011	4.8355556	0.0	139.91667	0.56344086	0.90000004	0.3	0.69	0.90000004	0.35	0.4	1.9445817	206.0	131.91667	3.875	8.0	0.0	9.233223	4.8333335	124.17734742164612
213	3.5240505	1.43253	5.082857	0.0	115.708336	0.5397059	0.90000004	0.15	0.65500003	0.90000004	0.25	0.35	1.8407284	216.0	106.791664	4.25	8.916667	0.0	9.103908	5.1666665	133.30310082435608
214	3.6854038	1.1530409	4.7036076	0.0	118.208336	0.51574075	0.85	0.2	0.71000004	0.85	0.55	0.4	2.0489104	203.0	108.416664	4.5	9.791667	0.0	9.03922	5.625	131.394225358963
215	3.1238344	1.5448402	4.8412123	0.0	135.45833	0.47052637	0.90000004	0.1	0.6	0.90000004	0.35	0.3	2.1044393	226.0	127.0	3.9583333	8.458333	0.0	8.1258545	5.0833335	124.66025447845459
216	3.2605286	1.6472356	5.095238	0.0	120.708336	0.52789474	0.8	0.2	0.58571434	0.8	0.2	0.4	1.843723	247.0	111.791664	3.9583333	8.916667	0.0	12.833122	5.125	121.26407027244568
217	3.9322689	0.72895455	4.545348	1.1802198	121.416664	0.5026087	0.85	0.2	0.5777778	0.85	0.3	0.25	2.1627524	210.0	111.5	4.7916665	9.916667	0.0	14.036659	5.9166665	135.49020552635193
218	3.6186874	1.2278104	4.769597	0.2	129.79167	0.47476634	0.90000004	0.1	0.56875	0.90000004	0.2	0.4	1.8212559	186.0	119.458336	4.4583335	10.333333	0.0	12.439431	5.875	137.08241248130798
219	3.3590736	1.4627786	4.9641027	0.0	123.5	0.49846938	0.8	0.15	0.6071429	0.8	0.35	0.4	1.7693698	164.0	114.25	4.0833335	9.25	0.0	8.1904	5.625	123.1091296672821
220	3.641782	1.0585903	5.326061	1.0	123.916664	0.54490733	0.95	0.2	0.6571428	0.95	0.35	0.5	1.561857	218.0	113.75	4.5	10.166667	0.0	9.312476	5.75	134.4035906791687
221	3.3387759	1.0027897	4.715152	0.45333335	132.16667	0.5042857	0.85	0.05	0.59999996	0.85	0.3	0.25	2.2564738	199.0	122.791664	4.375	9.375	0.0	9.797772	5.2916665	134.87167096138
222	2.9858694	1.3132526	4.826753	0.2	160.16667	0.5590425	0.90000004	0.15	0.62142855	0.90000004	0.4	0.45000002	1.9490376	216.0	151.875	3.9166667	8.291667	0.0	15.815796	5.3333335	127.93678212165833
223	3.39724	1.2401733	4.729921	0.45333335	130.04167	0.5393204	0.85	0.15	0.59000003	0.85	0.3	0.4	1.9741127	219.0	121.875	4.2916665	8.166667	0.0	11.989339	5.2083335	133.50423550605774
224	3.704605	1.1029568	4.7396827	0.0	113.125	0.48853207	0.8	0.15	0.6214286	0.8	0.15	0.6	1.7356014	220.0	103.333336	4.5416665	9.791667	0.0	8.007974	5.7916665	133.96663451194763
225	3.2180567	1.2679645	4.4363637	0.56000006	127.625	0.50100005	0.85	0.15	0.6125	0.85	0.3	0.5	1.6737978	198.0	119.166664	4.1666665	8.458333	0.0	10.553963	5.25	130.57349681854248
226	3.196125	1.3585306	4.6141176	0.2	132.45833	0.4586735	0.8	0.15	0.55	0.8	0.3	0.5	1.6633179	246.0	123.75	4.0833335	8.708333	0.0	18.240963	5.25	132.06203627586365
227	3.6237953	1.1792513	4.746667	0.2	127.958336	0.57028306	0.90000004	0.2	0.65	0.90000004	0.2	0.25	2.3907013	186.0	118.0	4.4166665	9.958333	0.0	10.209733	5.6666665	135.64396834373474
228	3.317269	1.1224554	4.6800866	0.68235296	137.29167	0.5067961	0.75	0.05	0.575	0.75	0.3	0.35	1.8901117	229.0	126.708336	4.2916665	10.583333	0.0	9.037271	5.5833335	132.0451033115387
229	2.8475583	1.2588842	4.769231	0.45	157.58333	0.48602152	0.8	0.15	0.5666667	0.8	0.2	0.35	2.3863678	229.0	148.45833	3.875	9.125	0.0	19.310356	5.0833335	131.25102043151855
230	3.8340433	1.0096384	4.8	0.0	120.375	0.53571427	0.8	0.15	0.6	0.8	0.35	0.5	1.9217182	234.0	110.166664	4.6666665	10.208333	0.0	9.3204775	6.125	141.60121321678162
231	3.6608665	0.9392733	4.495928	0.96000004	120.5	0.47409093	0.8	0.15	0.5285714	0.8	0.15	0.45000002	1.9440409	269.0	110.791664	4.5833335	9.708333	0.0	9.276825	5.5833335	134.43394207954407
232	3.538648	0.9183573	4.7777777	1.2327273	126.916664	0.50934577	0.85	0.1	0.6041667	0.85	0.2	0.35	1.9498274	234.0	117.166664	4.4583335	9.75	0.0	13.406558	5.5	136.60583996772766
233	3.1720874	1.3835776	4.866667	0.50000006	144.58333	0.51421046	0.95	0.2	0.63750005	0.95	0.2	0.5	1.7901633	248.0	134.79167	3.9583333	9.791667	0.0	14.407302	5.2916665	128.8811104297638
234	3.0593212	1.5067819	4.9924965	0.0	142.875	0.5258065	0.90000004	0.15	0.665	0.90000004	0.25	0.4	1.7025301	245.0	135.125	3.875	7.75	0.0	9.860377	4.9583335	129.6485617160797
235	3.2510002	1.2725196	4.550303	0.0	139.08333	0.49455443	0.8	0.15	0.51428574	0.8	0.15	0.3	2.1024451	265.0	129.20833	4.2083335	9.875	0.0	10.378409	5.4583335	134.21044945716858
236	3.2658474	1.2517922	4.6307693	0.48888892	146.375	0.50757575	0.85	0.2	0.5714286	0.85	0.3	0.5	1.65011	271.0	138.33333	4.125	8.041667	0.0	17.329292	5.0416665	131.48283457756042
237	3.3564088	1.3215371	4.8761907	0.0	139.04167	0.5530303	0.90000004	0.2	0.58124995	0.90000004	0.25	0.35	2.008246	152.0	130.20833	4.125	8.833333	0.0	11.055545	5.2916665	131.47430396080017
238	3.0857232	1.5489479	5.109524	0.0	139.29167	0.49891302	0.85	0.15	0.57857144	0.85	0.25	0.4	1.89632	241.0	129.91667	3.8333333	9.375	0.0	9.472806	5.25	125.87069535255432
239	3.2982385	1.6190579	5.0933332	0.0	142.75	0.54627657	0.85	0.15	0.65	0.85	0.15	0.4	1.6118237	241.0	133.83333	3.9166667	8.916667	0.0	9.09052	4.8333335	130.9285295009613
240	2.9818885	1.6060667	4.7781515	0.0	129.08333	0.55934066	0.85	0.25	0.70555556	0.85	0.5	0.7	1.570892	244.0	119.875	3.7916667	9.208333	0.0	9.340112	4.9166665	129.9009621143341
241	3.7091224	1.0848929	4.8019047	0.68235296	118.291664	0.6037037	0.95	0.25	0.63	0.95	0.3	0.55	1.9766424	241.0	108.375	4.5	9.916667	0.0	7.984337	5.5416665	135.59423804283142
242	3.1584244	1.5383009	4.7854548	0.0	140.5	0.51914895	0.8	0.1	0.63125	0.8	0.1	0.15	3.3070881	246.0	132.04167	3.9166667	8.458333	0.0	6.2084365	4.9166665	132.00987648963928
243	3.4834957	1.1398598	4.950303	0.0	125.791664	0.53666663	0.85	0.15	0.65555555	0.85	0.35	0.3	2.1203167	233.0	115.25	4.375	10.541667	0.0	10.202412	5.5416665	136.22538137435913
244	3.3433905	1.551097	4.971282	0.0	121.166664	0.5525253	0.85	0.15	0.67777777	0.85	0.4	0.35	2.2797377	231.0	112.25	4.125	8.916667	0.0	6.593964	5.0	131.4440381526947
245	3.7796497	0.78936076	4.4933333	1.48	114.541664	0.48464915	0.90000004	0.15	0.6	0.90000004	0.35	0.3	2.170822	229.0	104.25	4.75	10.291667	0.0	10.287864	6.125	139.94276189804077
246	3.370104	1.4251058	4.9866667	0.0	143.125	0.5275	0.85	0.1	0.63	0.85	0.45000002	0.4	2.0900064	220.0	133.91667	4.1666665	9.208333	0.0	10.251892	5.0833335	130.05570077896118
247	3.2211828	1.4614415	4.8653593	0.2	109.375	0.57448983	0.90000004	0.15	0.67222226	0.90000004	0.15	0.55	1.7312038	199.0	100.583336	4.0833335	8.791667	0.0	10.290861	5.2083335	130.44416642189026
248	3.6575549	1.027502	4.8946157	1.2554622	134.5	0.554717	0.95	0.05	0.61875	0.95	0.25	0.25	2.3144429	199.0	125.416664	4.4166665	9.083333	0.0	12.189369	5.4583335	136.65391635894775
249	3.2387388	1.39975	4.6920633	0.2	141.16667	0.59062505	0.85	0.2	0.62142855	0.85	0.35	0.4	1.9744326	209.0	132.66667	4.0	8.5	0.0	11.780144	4.8333335	130.17035341262817
250	3.4116886	1.2143447	4.7746034	0.0	140.0	0.55291265	0.90000004	0.15	0.65000004	0.90000004	0.45000002	0.55	1.5509462	194.0	131.125	4.2916665	8.875	0.0	11.23862	5.0833335	132.71812057495117
251	3.6744473	0.89583457	4.4585857	0.90000004	126.5	0.5594595	0.85	0.2	0.7250001	0.85	0.6	0.4	1.6880887	257.0	115.666664	4.625	10.833333	0.0	8.650521	5.7916665	138.82695937156677
252	3.691777	0.9996063	4.4666667	0.2	121.166664	0.5049107	0.90000004	0.2	0.6	0.90000004	0.35	0.55	1.8808273	241.0	109.916664	4.6666665	11.25	0.0	8.763236	5.875	139.90120005607605
253	3.4619853	1.057006	4.5631747	1.1076924	151.45833	0.5932039	0.90000004	0.25	0.7583334	0.90000004	0.6	0.3	2.0078397	226.0	141.29167	4.2916665	10.166667	0.0	13.189168	5.6666665	133.78084564208984
254	3.4872074	1.1498244	4.695238	0.0	124.291664	0.5214286	0.85	0.15	0.6454545	0.85	0.3	0.55	1.8825753	215.0	114.375	4.375	9.916667	0.0	9.005425	5.75	133.88807892799377
255	3.2905302	1.3109007	5.2571425	0.0	126.416664	0.55918366	0.95	0.2	0.7250001	0.95	0.5	0.5	1.5791645	257.0	118.0	4.0833335	8.416667	0.0	7.4455657	5.0833335	129.29050946235657
256	3.2475598	1.3298637	4.6017094	0.2	133.83333	0.53150004	0.90000004	0.05	0.6611111	0.90000004	0.4	0.4	1.7336595	210.0	124.666664	4.1666665	9.166667	0.0	11.710038	5.375	130.5771839618683
257	3.3599942	1.6476985	4.96704	0.0	140.625	0.621875	0.95	0.2	0.72499996	0.95	0.2	0.5	1.4956363	218.0	132.08333	4.0	8.541667	0.0	9.930509	4.8333335	129.97423267364502
258	3.8028371	0.8840997	4.7809525	0.90000004	115.333336	0.56576574	0.90000004	0.2	0.65	0.90000004	0.25	0.25	2.0734494	235.0	105.833336	4.625	9.5	0.0	11.053317	5.4583335	135.67276287078857
259	3.7709742	0.94786286	4.7504764	0.7764706	117.541664	0.5261261	0.85	0.15	0.6625	0.85	0.25	0.3	1.9973396	223.0	107.458336	4.625	10.083333	0.0	9.151993	5.5833335	138.9533884525299
260	3.2785308	1.4360862	5.1	0.2	130.29167	0.59846944	0.95	0.25	0.7	0.95	0.45000002	0.45000002	1.8641424	247.0	121.333336	4.0833335	8.958333	0.0	9.135554	5.375	130.00151681900024
261	3.1530209	1.4069395	4.7128205	0.6	154.16667	0.5701031	0.90000004	0.25	0.6875	0.90000004	0.4	0.5	1.4660827	203.0	145.20833	4.0416665	8.958333	0.0	12.9978895	5.125	133.04427814483643
262	3.1922643	1.304424	4.5155554	0.2	134.91667	0.5070707	0.8	0.15	0.56	0.8	0.35	0.45000002	1.9704376	285.0	125.666664	4.125	9.25	0.0	13.429047	5.3333335	129.88369917869568
263	3.544892	1.4517157	5.308889	0.0	120.75	0.64	0.95	0.3	0.70625	0.95	0.3	0.65000004	1.1546671	229.0	111.875	4.1666665	8.875	0.0	9.667595	5.1666665	132.03075003623962
264	3.5208988	1.404191	5.02357	0.2	147.875	0.6148515	1.0	0.25	0.78571427	1.0	0.55	0.55	1.421119	208.0	137.16667	4.2083335	10.708333	0.0	10.707643	5.375	132.3268277645111
265	3.753479	1.0293102	4.68	1.1809524	126.291664	0.55545455	0.85	0.25	0.6272728	0.85	0.3	0.55	1.6700712	234.0	115.125	4.5833335	11.166667	0.0	9.396333	5.6666665	137.06556153297424
266	3.2880847	1.2034352	4.48	0.2	126.291664	0.5676471	0.85	0.2	0.7	0.85	0.4	0.55	1.3360603	227.0	117.916664	4.25	8.375	0.0	9.20549	5.1666665	132.7111496925354
267	3.0510204	1.3031278	4.5850983	0.48000002	142.66667	0.4851064	0.90000004	0.1	0.5625	0.90000004	0.15	0.45000002	1.569627	261.0	132.83333	3.9166667	9.833333	0.0	7.037211	5.1666665	129.46008610725403
268	3.312886	1.1613805	4.9360194	0.6	121.583336	0.564423	0.95	0.2	0.6625	0.95	0.25	0.35	1.910723	202.0	111.75	4.3333335	9.833333	0.0	7.079661	5.4583335	135.97723627090454
269	3.5333471	1.0677919	4.7412586	0.8	135.875	0.56523806	0.90000004	0.15	0.6785714	0.90000004	0.45000002	0.5	1.9510593	202.0	125.25	4.375	10.625	0.0	10.997643	5.5416665	135.27293014526367
270	3.4776146	1.316638	4.8355556	0.0	123.5	0.60343134	0.90000004	0.25	0.7285714	0.90000004	0.6	0.55	1.6199856	182.0	114.916664	4.25	8.583333	0.0	9.560443	5.0833335	133.01143074035645
271	3.3745205	1.5481458	4.8755555	0.0	139.70833	0.5857143	0.85	0.1	0.66875	0.85	0.4	0.4	2.4265711	237.0	130.70833	4.0833335	9.0	0.0	16.369246	5.2083335	131.52122449874878
272	3.3784199	1.3978294	4.778413	0.2	140.58333	0.557	0.90000004	0.15	0.6875	0.90000004	0.5	0.45000002	1.5234828	168.0	130.58333	4.1666665	10.0	0.0	11.6576605	5.4166665	129.501620054245
273	3.255026	1.3771702	4.714286	0.0	151.58333	0.5500001	0.90000004	0.15	0.6666667	0.90000004	0.25	0.5	1.9707505	200.0	142.29167	4.125	9.291667	0.0	13.879172	5.375	132.74669766426086
274	3.274336	1.2054443	4.6476192	0.88	142.625	0.46930695	0.90000004	0.15	0.64	0.90000004	0.35	0.45000002	1.579147	244.0	133.45833	4.2083335	9.166667	0.0	10.973317	5.375	131.05887246131897
275	3.2381203	1.25235	4.7164407	0.0	129.45833	0.50252527	0.85	0.1	0.6444444	0.85	0.45000002	0.55	1.956764	216.0	120.375	4.125	9.083333	0.0	10.857091	5.125	136.3570499420166
276	3.8435829	1.2224033	5.3987303	0.44705883	107.041664	0.57453704	0.95	0.2	0.71250004	0.95	0.35	0.4	1.8456924	182.0	98.583336	4.5	8.458333	0.0	10.222728	5.1666665	137.33826088905334
277	3.9513938	0.8375524	4.795238	1.5	119.125	0.61964285	0.95	0.2	0.675	0.95	0.2	0.4	2.0118217	163.0	109.25	4.6666665	9.875	0.0	9.543198	5.5833335	134.76417875289917
278	3.4871604	1.3468473	4.5930157	0.0	119.833336	0.59460783	0.90000004	0.1	0.67999995	0.90000004	0.35	0.4	1.9063746	223.0	111.333336	4.25	8.5	0.0	10.307534	5.0833335	133.93624019622803
279	3.7348511	1.111302	4.7011223	0.64615387	114.541664	0.55825686	0.85	0.2	0.6333334	0.85	0.25	0.5	1.4115881	232.0	104.0	4.5416665	10.541667	0.0	11.2606	5.875	133.80075001716614
280	4.1056576	0.45242962	4.8120637	2.952381	124.666664	0.63162386	0.95	0.3	0.7083333	0.95	0.35	0.55	1.5220598	190.0	114.041664	4.875	10.625	0.0	11.163312	5.9166665	139.84353470802307
281	3.071377	1.5650445	4.828205	0.0	135.79167	0.6258242	0.90000004	0.1	0.69166666	0.90000004	0.4	0.5	1.5771282	259.0	127.958336	3.7916667	7.8333335	0.0	11.116832	4.9166665	126.77425003051758
282	3.9359148	0.82747334	4.866667	0.96000004	112.708336	0.6482301	0.95	0.35	0.7777778	0.95	0.45000002	0.45000002	1.4247411	184.0	103.708336	4.7083335	9.0	0.0	10.320847	5.5	135.163964509964
283	3.1452549	1.3819385	5.109899	0.6	146.70833	0.59578943	0.90000004	0.2	0.65	0.90000004	0.25	0.4	1.5448321	241.0	138.45833	3.9583333	8.25	0.0	12.851741	5.125	131.08445286750793
284	3.4611664	1.0352067	4.571429	0.2	149.16667	0.61504847	0.90000004	0.1	0.6722222	0.90000004	0.3	0.45000002	1.6189629	261.0	140.25	4.2916665	8.916667	0.0	12.682256	5.3333335	133.55677771568298
285	2.8768933	1.6835374	4.7766414	0.0	135.33333	0.57215905	0.75	0.2	0.62	0.75	0.2	0.7	1.2945151	259.0	126.541664	3.6666667	8.791667	0.0	10.160737	4.5	124.98089456558228
286	3.6990855	0.9290692	5.078788	0.6	120.833336	0.59636366	0.85	0.15	0.6277778	0.85	0.35	0.7	1.3707081	196.0	110.5	4.5833335	10.333333	0.0	8.210171	5.7916665	136.06858468055725
287	3.1492777	1.4274642	4.942222	0.2	124.625	0.58489585	0.90000004	0.25	0.7	0.90000004	0.45000002	0.4	2.0927346	164.0	116.5	4.0	8.125	0.0	18.6159	5.0	128.55263471603394
288	4.2214003	0.51007044	5.002139	2.9155555	108.0	0.5826272	1.0	0.25	0.7388889	1.0	0.4	0.3	2.0726283	173.0	97.583336	4.9166665	10.416667	0.0	9.3307085	6.3333335	140.15992212295532
289	3.414449	1.2691599	4.660451	0.0	139.5	0.50441176	0.85	0.2	0.5888889	0.85	0.3	0.35	1.9456251	243.0	130.125	4.25	9.375	0.0	14.523773	5.25	135.835613489151
290	3.655927	1.4588624	4.7685714	0.0	116.458336	0.58221155	0.95	0.15	0.7277778	0.95	0.45000002	0.6	1.5856864	203.0	107.458336	4.3333335	9.0	0.0	8.022368	5.0833335	133.37267637252808
291	3.4789689	1.256929	4.8628573	0.2	126.416664	0.56346154	0.85	0.15	0.59375	0.85	0.2	0.15	2.2715626	209.0	115.333336	4.3333335	11.083333	0.0	13.215434	5.9166665	131.77399468421936
292	3.4596949	1.1727643	4.8085713	0.2	137.70833	0.59126216	0.95	0.2	0.65625	0.95	0.35	0.3	1.9607834	220.0	127.958336	4.2916665	9.75	0.0	10.2057905	5.625	137.5037567615509
293	3.1650074	1.3737321	4.8984127	0.2	138.54167	0.65157896	0.95	0.15	0.70625	0.95	0.45000002	0.5	1.7417797	231.0	129.5	3.9583333	9.041667	0.0	9.447816	5.0416665	134.4721565246582
294	3.4474285	1.456631	5.0666666	0.0	128.20833	0.5901961	0.95	0.2	0.68	0.95	0.25	0.45000002	1.6956961	170.0	118.916664	4.25	9.291667	0.0	11.990532	5.0	131.2840859889984
295	3.20946	1.3380952	4.830303	0.64000005	142.54167	0.63	0.90000004	0.3	0.74375004	0.90000004	0.55	0.5	1.9135195	159.0	133.20833	3.9583333	9.333333	0.0	9.705827	4.875	133.12416887283325
296	3.7612677	1.1449414	4.7555556	0.0	122.833336	0.60140187	0.90000004	0.2	0.68333334	0.90000004	0.4	0.4	1.7085273	192.0	113.708336	4.4583335	9.125	0.0	10.060871	5.5	137.69702410697937
297	3.4652517	1.3047628	4.786667	0.0	125.375	0.5397058	0.85	0.15	0.6166666	0.85	0.3	0.4	1.9122951	229.0	116.5	4.25	8.875	0.0	9.5265045	5.2083335	132.19709372520447
298	3.0916398	1.4775357	4.773016	0.0	147.125	0.55106384	0.90000004	0.2	0.69	0.90000004	0.35	0.5	2.0007956	185.0	136.375	3.9166667	10.75	0.0	11.714333	5.125	131.34576511383057
299	3.0789747	1.6272846	5.0133333	0.0	147.54167	0.5681818	0.95	0.2	0.7222222	0.95	0.45000002	0.45000002	1.7254941	194.0	139.5	3.6666667	8.041667	0.0	13.012395	4.3333335	124.24961924552917
300	3.3688707	1.3341377	5.022338	0.2	143.95833	0.5625	0.90000004	0.2	0.62142855	0.90000004	0.35	0.55	1.7764212	259.0	134.75	4.1666665	9.208333	0.0	12.850522	5.2916665	133.55460858345032
301	3.1413271	1.2291398	4.7423754	0.0	145.625	0.53622454	0.8	0.25	0.61875	0.8	0.25	0.4	2.0685525	218.0	136.16667	4.0833335	9.458333	0.0	9.121495	5.4166665	120.37036967277527
302	3.565273	1.0628197	4.82	1.08	126.416664	0.5680953	1.0	0.05	0.6277778	1.0	0.2	0.75	1.4411325	211.0	116.708336	4.375	9.708333	0.0	8.067969	5.5416665	122.27573537826538
303	3.7067697	1.180449	4.8091574	0.5	123.166664	0.5816514	0.95	0.15	0.68636364	0.95	0.35	0.5	1.5782653	176.0	113.875	4.5416665	9.291667	0.0	10.86276	5.5	131.28985261917114
304	3.3748543	1.2002023	4.909524	0.96	136.45833	0.5203883	0.85	0.2	0.6625	0.85	0.3	0.5	1.6809292	222.0	127.458336	4.2916665	9.0	0.0	12.097949	5.375	121.9999897480011
305	3.3110569	1.3291807	4.5266666	0.0	137.91667	0.55151516	0.85	0.1	0.66999996	0.85	0.45000002	0.65000004	1.2803366	192.0	128.29167	4.125	9.625	0.0	9.564073	5.2083335	118.30672407150269
306	3.4131057	1.4627213	4.972525	0.0	155.33333	0.52602047	0.90000004	0.25	0.5833334	0.90000004	0.25	0.35	2.0613914	178.0	145.5	4.0833335	9.833333	0.0	10.325282	5.125	123.16763710975647
307	3.7903068	0.8559914	4.824087	1.3176471	135.5	0.57589287	0.90000004	0.15	0.76666665	0.90000004	0.7	0.6	1.4363163	185.0	126.458336	4.6666665	9.041667	0.0	13.480977	5.3333335	131.35400795936584
308	3.59731	0.9919436	4.7194805	1.4051948	145.375	0.56745285	0.85	0.15	0.675	0.85	0.4	0.45000002	1.913728	178.0	134.08333	4.4166665	11.291667	0.0	9.878445	5.7083335	124.53062844276428
309	3.682518	0.86313957	4.569231	1.7294117	135.375	0.5586363	0.85	0.15	0.59	0.85	0.15	0.55	1.7202584	193.0	125.166664	4.5833335	10.208333	0.0	11.88222	5.75	127.20695781707764
310	3.2654912	1.1659381	4.6343436	0.0	135.08333	0.5856436	0.90000004	0.25	0.74375004	0.90000004	0.55	0.7	1.0787054	161.0	125.75	4.2083335	9.333333	0.0	9.337939	5.25	123.76514220237732
311	3.8361242	1.1163653	5.195238	0.9714286	123.833336	0.5686364	0.90000004	0.05	0.6222222	0.90000004	0.3	0.55	1.640304	222.0	113.75	4.5833335	10.083333	0.0	11.990184	5.9166665	125.60696291923523
312	3.3255608	1.0319036	4.509366	0.97777784	149.04167	0.5330097	0.85	0.2	0.5785714	0.85	0.2	0.65000004	1.2527738	186.0	138.95833	4.2916665	10.083333	0.0	12.09095	5.4583335	122.99944925308228
313	3.2792866	1.373349	4.742857	0.2	150.58333	0.59791666	0.95	0.25	0.7428571	0.95	0.45000002	0.6	1.3388268	206.0	142.125	4.0	8.458333	0.0	14.134938	5.2083335	120.78865480422974
314	3.64464	1.3856611	5.56	0.2	133.70833	0.6433334	1.0	0.3	0.74444443	1.0	0.4	0.7	1.1746151	161.0	124.041664	4.375	9.666667	0.0	11.0471115	5.875	128.58743953704834
315	3.249051	1.4859318	4.664835	0.2	131.33333	0.5551546	0.90000004	0.1	0.65	0.90000004	0.35	0.75	1.0569704	194.0	122.041664	4.0416665	9.291667	0.0	9.125545	5.1666665	119.2301082611084
316	3.2371168	1.2519276	4.567576	0.85714287	139.83333	0.5530612	0.95	0.1	0.6777777	0.95	0.4	0.75	1.2051966	153.0	129.625	4.0833335	10.208333	0.0	10.280718	5.3333335	127.33103251457214
317	3.404729	1.3917552	4.5093303	0.0	119.583336	0.5311882	0.8	0.2	0.6111111	0.8	0.35	0.5	1.6976328	184.0	110.958336	4.2083335	8.625	0.0	7.8359466	5.0833335	121.37357020378113
318	3.1132355	1.4430084	4.8650794	0.0	148.75	0.54114586	0.85	0.2	0.6857143	0.85	0.5	0.55	1.3632463	207.0	140.5	4.0	8.25	0.0	13.206916	4.875	118.55046892166138
319	3.4815433	1.4490112	4.826667	0.2	125.041664	0.5611651	0.95	0.15	0.605	0.95	0.2	0.45000002	1.784498	189.0	116.291664	4.2916665	8.75	0.0	16.136866	5.0416665	124.07426381111145
320	3.5505974	1.3063234	5.0761905	0.6285714	131.125	0.5975728	0.95	0.2	0.66999996	0.95	0.2	0.45000002	1.7767702	200.0	122.666664	4.2916665	8.458333	0.0	13.879268	5.2916665	125.29769515991211
321	3.227805	1.3621099	4.7873015	0.0	137.75	0.53724486	0.85	0.15	0.6714286	0.85	0.4	0.45000002	1.8932579	223.0	128.54167	4.0833335	9.208333	0.0	10.527172	5.5416665	122.42267608642578
322	2.873048	1.6300038	4.8080807	0.0	142.58333	0.54367816	0.90000004	0.1	0.64	0.90000004	0.25	0.4	1.6025108	186.0	135.54167	3.625	7.0416665	0.0	11.487015	4.2916665	112.68220567703247
323	3.6063101	1.1803604	5.1272726	0.8	122.375	0.52803737	0.90000004	0.15	0.61111116	0.90000004	0.2	0.35	1.9414479	214.0	112.416664	4.4583335	9.958333	0.0	8.383346	5.4166665	128.16951251029968
324	3.0071113	1.7281582	5.1696973	0.2	142.125	0.602809	0.90000004	0.2	0.73333335	0.90000004	0.55	0.3	2.026833	178.0	133.91667	3.7083333	8.208333	0.0	10.160811	4.7083335	116.83274817466736
325	3.3779895	1.4018909	5.1515155	0.0	123.75	0.58585864	0.90000004	0.2	0.69285715	0.90000004	0.35	0.6	1.536031	194.0	114.041664	4.125	9.708333	0.0	9.075363	5.2083335	121.77377223968506
326	3.8938313	0.92489606	5.143492	1.4063492	119.541664	0.5611607	0.90000004	0.2	0.64000005	0.90000004	0.25	0.7	1.2567484	183.0	109.875	4.6666665	9.666667	0.0	11.439752	5.8333335	130.0571265220642
327	3.1146348	1.6668183	4.9142857	0.0	140.08333	0.56774193	0.90000004	0.25	0.7583334	0.90000004	0.55	0.6	1.4247463	190.0	130.125	3.875	9.958333	0.0	8.272293	4.8333335	121.76914858818054
328	3.7268088	1.1959498	5.0285716	0.56	124.916664	0.606542	0.95	0.2	0.6642857	0.95	0.45000002	0.7	1.2749127	198.0	114.5	4.4583335	10.416667	0.0	10.181721	5.3333335	124.90983176231384
329	3.3217201	1.4491764	4.964719	0.2	140.0	0.6237374	0.85	0.25	0.625	0.85	0.35	0.45000002	1.6441138	156.0	130.83333	4.125	9.166667	0.0	15.339222	5.0416665	123.07776522636414
330	3.824487	1.0355328	4.7718616	0.2	117.958336	0.52901787	0.90000004	0.1	0.7	0.90000004	0.4	0.55	1.4867103	215.0	108.416664	4.6666665	9.541667	0.0	14.673729	5.7916665	130.85920882225037
331	3.362069	1.1770499	4.6993937	0.61333334	126.166664	0.5872549	0.95	0.2	0.7285714	0.95	0.4	0.5	1.4301794	233.0	117.5	4.25	8.666667	0.0	10.124541	5.6666665	126.1277220249176
332	3.3884785	1.4002072	4.717094	0.0	133.54167	0.59343433	0.90000004	0.15	0.675	0.90000004	0.3	0.65000004	1.0615985	214.0	125.458336	4.125	8.083333	0.0	10.204768	5.0	124.2480788230896
333	3.4435387	1.3792069	4.6444445	0.0	125.0	0.5425742	0.85	0.2	0.65500003	0.85	0.25	0.45000002	1.5521227	194.0	117.0	4.2083335	8.0	0.0	11.48558	4.8333335	129.05025792121887
334	3.3349113	1.4911895	4.944661	0.2	129.41667	0.5964286	0.90000004	0.2	0.63571435	0.90000004	0.35	0.6	1.5635307	186.0	121.375	4.0833335	8.041667	0.0	13.056058	5.125	125.59282898902893
335	3.283802	1.4228861	4.472439	0.0	128.91667	0.543	0.90000004	0.1	0.70000005	0.90000004	0.35	0.6	1.4973948	170.0	120.75	4.1666665	8.166667	0.0	9.486118	5.125	123.08430814743042
336	3.9378843	0.9007367	4.642424	0.6857143	99.208336	0.59469026	0.90000004	0.3	0.70000005	0.90000004	0.55	0.35	2.38248	140.0	88.666664	4.7083335	10.541667	0.0	7.295357	5.9166665	130.8932285308838
337	3.6118453	1.2902176	4.7460318	0.0	103.125	0.57616824	0.90000004	0.2	0.65555555	0.90000004	0.2	0.35	1.711846	218.0	94.875	4.4583335	8.25	0.0	8.707849	5.3333335	132.2645251750946
338	3.6041954	1.27236	4.8184705	0.2	114.916664	0.609434	0.95	0.15	0.7785715	0.95	0.55	0.65000004	1.1654265	222.0	105.083336	4.4166665	9.833333	0.0	9.090416	5.625	128.6678659915924
339	3.5664444	0.9895033	5.0174894	0.86153847	110.416664	0.56055045	0.85	0.1	0.57857144	0.85	0.1	0.35	2.111161	214.0	101.375	4.5416665	9.041667	0.0	12.201687	5.625	125.14108896255493
340	3.3636854	1.2848934	4.8920264	0.93333334	133.25	0.59653467	0.95	0.25	0.71500003	0.95	0.4	0.5	1.9402914	225.0	124.833336	4.2083335	8.416667	0.0	12.206833	5.125	126.72954559326172
341	3.4245446	1.4540677	4.7786946	0.2	140.83333	0.547449	0.85	0.2	0.65	0.85	0.35	0.6	1.6280167	213.0	131.83333	4.0833335	9.0	0.0	13.296954	4.9166665	124.95536351203918
342	3.2446282	1.2249799	4.699524	0.65000004	139.41667	0.53608245	0.8	0.15	0.63	0.8	0.35	0.65000004	1.3400233	196.0	130.25	4.0416665	9.166667	0.0	11.028328	4.9583335	123.61135601997375
343	3.4784634	1.4389946	5.133333	0.0	129.54167	0.628	1.0	0.3	0.81666666	1.0	0.65000004	0.5	1.4688252	172.0	119.708336	4.1666665	9.833333	0.0	8.9410715	5.5	130.352445602417
344	3.8192482	1.0396066	4.9374127	0.6666667	118.708336	0.59909093	0.95	0.15	0.7055556	0.95	0.45000002	0.6	1.1810441	183.0	108.791664	4.5833335	9.916667	0.0	9.030523	5.7083335	132.44891905784607
345	2.9243145	1.6383858	4.9042425	0.0	140.75	0.5576923	0.90000004	0.15	0.73	0.90000004	0.45000002	0.4	1.7341293	140.0	132.58333	3.7916667	8.166667	0.0	11.553037	5.0416665	122.52888941764832
346	3.1342695	1.368405	4.840404	0.0	138.20833	0.6	0.85	0.25	0.6785714	0.85	0.5	0.5	1.7601563	218.0	129.25	3.9166667	8.958333	0.0	9.3465605	5.125	119.23694443702698
347	3.44057	1.2829728	4.7412696	0.8363636	127.25	0.557767	0.95	0.1	0.6318181	0.95	0.3	0.6	1.5582798	204.0	117.791664	4.2916665	9.458333	0.0	17.510038	5.3333335	128.4204137325287
348	3.6560009	1.110657	4.8	0.2	129.16667	0.55188674	0.85	0.15	0.67777777	0.85	0.35	0.4	1.6750538	180.0	118.708336	4.4166665	10.458333	0.0	8.6363	5.625	129.44232511520386
349	3.5742238	1.1219362	4.9561906	0.2	145.41667	0.64238095	1.0	0.2	0.77500004	1.0	0.55	0.25	2.2343125	188.0	136.125	4.375	9.291667	0.0	12.493453	5.3333335	132.1711573600769
350	3.457311	1.2438291	4.861961	0.0	120.041664	0.5671569	0.85	0.15	0.60714287	0.85	0.4	0.75	0.9984711	212.0	110.5	4.25	9.541667	0.0	7.682012	5.5	124.85303378105164
351	3.4645443	1.3083762	4.8436365	0.0	124.208336	0.5725962	0.85	0.15	0.675	0.85	0.3	0.4	2.2912133	212.0	115.25	4.3333335	8.958333	0.0	8.425733	5.0416665	134.6572117805481
352	3.5645306	1.08664	4.792541	1.0352942	140.54167	0.58915097	0.90000004	0.2	0.66666675	0.90000004	0.4	0.65000004	1.0510371	204.0	131.41667	4.4166665	9.125	0.0	12.149845	5.3333335	170.0244357585907
353	3.6724262	1.0463415	4.8327274	1.1999999	119.0	0.5288991	0.85	0.15	0.6714286	0.85	0.5	0.3	1.7330891	145.0	109.5	4.5416665	9.5	0.0	11.971405	5.625	142.31969261169434
354	3.5509462	1.1972109	4.944762	0.0	130.0	0.5975961	0.90000004	0.25	0.6857143	0.90000004	0.45000002	0.6	1.5346477	201.0	120.833336	4.3333335	9.166667	0.0	9.282792	5.4583335	125.79642343521118
355	3.406804	1.5413443	5.2974358	0.0	138.58333	0.63645834	0.95	0.2	0.73888886	0.95	0.45000002	0.45000002	1.5510863	186.0	130.375	4.0	8.208333	0.0	9.41892	4.9166665	122.64787411689758
356	3.9056828	1.0758487	5.004693	0.6666666	100.875	0.61500007	0.95	0.1	0.6666667	0.95	0.3	0.4	1.849692	196.0	90.416664	4.5833335	10.458333	0.0	7.874222	6.2083335	130.11503386497498
357	3.5282223	1.2539945	4.969697	0.2	132.875	0.5576923	0.85	0.2	0.63750005	0.85	0.25	0.25	2.8083642	221.0	123.25	4.3333335	9.625	0.0	9.248131	5.6666665	127.86202096939087
358	3.700259	1.2007545	4.886349	0.54545456	127.666664	0.5263889	0.8	0.2	0.69166666	0.8	0.55	0.35	2.1086292	186.0	117.958336	4.5	9.708333	0.0	11.383408	5.75	130.5968313217163
359	3.6686184	0.9310011	4.881612	1.7555555	128.125	0.6138889	0.90000004	0.2	0.76666665	0.90000004	0.65000004	0.45000002	1.7249092	179.0	118.416664	4.5	9.708333	0.0	10.023215	5.5833335	130.1242871284485
360	3.416152	1.3977917	4.9466667	0.0	144.20833	0.64141417	0.95	0.3	0.7625	0.95	0.4	0.6	1.3932756	167.0	135.5	4.125	8.708333	0.0	14.79568	5.375	129.69106364250183
361	3.604901	1.3834939	4.8711114	0.0	111.708336	0.6427185	0.95	0.25	0.69285715	0.95	0.4	0.7	1.2585857	196.0	102.875	4.2916665	8.833333	0.0	8.718804	5.25	127.99657678604126
362	3.6740773	1.3444539	4.897143	0.0	122.916664	0.6201923	0.95	0.1	0.76666665	0.95	0.5	0.5	1.3335662	227.0	113.291664	4.3333335	9.625	0.0	8.677444	5.4166665	130.88020253181458
363	3.5841053	1.423797	4.958486	0.6	118.25	0.6216346	0.95	0.15	0.71666664	0.95	0.5	0.6	1.2824665	211.0	108.666664	4.3333335	9.583333	0.0	9.337368	5.4583335	126.57938575744629
364	3.6463337	1.0131434	4.8568625	1.4068376	130.04167	0.60747665	1.0	0.15	0.82000005	1.0	0.6	0.45000002	1.3244902	243.0	120.791664	4.4583335	9.25	0.0	10.253003	5.625	126.37719893455505
365	3.791855	1.1031055	4.7743587	0.0	137.95833	0.62264144	0.95	0.1	0.75555557	0.95	0.45000002	0.5	1.5017773	223.0	128.33333	4.4166665	9.625	0.0	11.5849	5.6666665	127.80513119697571
366	3.2934828	1.2170224	4.686667	0.84705883	134.16667	0.56287134	0.90000004	0.15	0.6454546	0.90000004	0.2	0.4	2.0119977	223.0	125.208336	4.2083335	8.958333	0.0	11.866506	5.3333335	126.58306956291199
367	3.5534642	1.4385152	4.94	0.0	122.166664	0.6247525	1.0	0.25	0.66999996	1.0	0.25	0.65000004	1.3226768	188.0	113.75	4.2083335	8.416667	0.0	7.6365585	5.1666665	126.73538327217102
368	3.3430927	1.4625881	4.9038563	0.2	125.083336	0.64484537	0.95	0.1	0.7142857	0.95	0.35	0.55	1.4359491	176.0	116.458336	4.0416665	8.625	0.0	10.200768	5.1666665	120.90808248519897
369	3.3537076	1.3632643	4.9942856	0.0	144.58333	0.59438777	0.90000004	0.15	0.67777777	0.90000004	0.25	0.5	1.2729343	220.0	135.5	4.0833335	9.083333	0.0	10.652102	5.5	122.92475461959839
370	3.3790824	1.6300952	5.5333333	0.0	130.375	0.6268041	1.0	0.2	0.7642857	1.0	0.45000002	0.65000004	1.2662115	196.0	121.125	4.0416665	9.25	0.0	9.38057	4.6666665	123.4825644493103
371	3.4111288	1.1013534	4.4932623	0.6666667	143.33333	0.56237626	0.85	0.25	0.6166667	0.85	0.3	0.6	1.1359804	160.0	134.625	4.2083335	8.708333	0.0	12.425414	5.0416665	124.72554540634155
372	3.4558766	1.1934831	4.7128205	0.59999996	137.25	0.5754808	0.90000004	0.1	0.6769231	0.90000004	0.3	0.65000004	1.3382189	163.0	127.416664	4.3333335	9.833333	0.0	12.212659	5.375	126.2535674571991
373	3.2779887	1.3839173	5.0590477	0.2	140.79167	0.63906246	0.95	0.2	0.69375	0.95	0.25	0.7	1.1628721	190.0	132.95833	4.0	7.8333335	0.0	12.68233	4.875	123.12625575065613
374	3.7456758	1.1797312	4.693333	0.2	123.208336	0.60280377	0.90000004	0.15	0.69166666	0.90000004	0.3	0.35	1.8001671	204.0	114.166664	4.4583335	9.041667	0.0	9.890285	5.4166665	127.54896688461304
375	3.715721	1.0367506	4.6670885	1.0526316	129.16667	0.599537	0.95	0.05	0.7055555	0.95	0.45000002	0.5	1.6629407	226.0	120.375	4.5	8.791667	0.0	10.073815	5.4583335	128.4687156677246
376	3.2777894	1.5034825	4.8533335	0.2	135.75	0.5994845	0.90000004	0.3	0.70000005	0.90000004	0.3	0.35	1.8514649	237.0	127.416664	4.0416665	8.333333	0.0	14.5967455	4.7916665	124.7433123588562
377	3.691267	1.2267846	4.9142857	0.6	124.166664	0.6457547	1.0	0.2	0.7357143	1.0	0.45000002	0.6	1.4315157	170.0	116.208336	4.4166665	7.9583335	0.0	12.820531	5.0	126.30012154579163
378	3.184571	1.4223319	4.735238	0.2	143.375	0.552551	0.85	0.1	0.68999994	0.85	0.5	0.7	1.008457	162.0	135.25	4.0833335	8.125	0.0	18.45543	5.1666665	127.92490220069885
379	3.4979355	1.3394587	4.618919	0.0	119.041664	0.5926471	0.90000004	0.2	0.7	0.90000004	0.35	0.7	0.9658516	164.0	110.625	4.25	8.416667	0.0	9.617722	5.1666665	123.86569738388062
380	3.4572296	1.4626117	4.7133336	0.0	112.708336	0.6333333	0.95	0.2	0.74375004	0.95	0.45000002	0.6	1.2780046	188.0	104.458336	4.25	8.25	0.0	7.078924	5.125	125.15521883964539
381	2.9154778	1.6226467	4.704762	0.0	154.75	0.59999996	0.90000004	0.25	0.68571424	0.90000004	0.5	0.7	1.156395	166.0	146.70833	3.5833333	8.041667	0.0	11.743506	4.625	118.52933120727539
382	3.6659899	1.1382334	4.766061	0.0	118.875	0.60233647	0.90000004	0.2	0.675	0.90000004	0.45000002	0.45000002	1.9487913	162.0	108.125	4.4583335	10.75	0.0	7.7002673	6.0	143.12765312194824
383	3.2352474	1.3523123	4.9866667	0.75555557	146.75	0.6119792	0.95	0.2	0.6636363	0.95	0.2	0.7	1.2408006	164.0	136.45833	4.0	10.291667	0.0	11.865536	4.9583335	130.23846054077148
384	3.5627012	1.1670616	4.723636	0.6	146.0	0.64345795	0.90000004	0.35	0.72222227	0.90000004	0.45000002	0.5	1.4372089	199.0	135.33333	4.4583335	10.666667	0.0	10.539248	5.5	137.6020050048828
385	3.4018345	1.4394048	4.9333334	0.0	136.70833	0.69	1.0	0.2	0.79375005	1.0	0.45000002	0.75	1.1542985	211.0	128.95833	4.1666665	7.75	0.0	18.156822	4.9166665	136.0905466079712
386	3.6496143	1.2179297	4.828388	0.45333335	139.79167	0.6385714	0.95	0.15	0.7111111	0.95	0.35	0.75	0.98878205	199.0	130.875	4.375	8.916667	0.0	16.52409	5.1666665	163.84808230400085
387	3.94369	1.0246029	5.330171	0.8888889	108.583336	0.646875	1.0	0.2	0.7571429	1.0	0.4	0.45000002	1.3771741	187.0	99.291664	4.6666665	9.291667	0.0	10.168029	5.5	143.32035493850708
388	2.9208422	1.6363505	4.9019046	0.0	125.083336	0.6425288	0.95	0.25	0.71666664	0.95	0.45000002	0.6	1.3620627	166.0	118.125	3.625	6.9583335	0.0	10.589957	4.2916665	129.58029866218567
389	3.6248782	1.1712061	4.8874726	0.7	117.916664	0.6183963	0.90000004	0.2	0.7642857	0.90000004	0.5	0.8	0.6814628	215.0	107.583336	4.4166665	10.333333	0.0	9.130944	5.7916665	135.03367567062378
390	3.2864525	1.0909114	4.818182	1.3142858	150.75	0.55544555	0.95	0.2	0.65	0.95	0.25	0.6	1.1224184	216.0	141.45833	4.2083335	9.291667	0.0	10.522058	5.1666665	131.50528025627136
391	3.528511	1.1950049	4.983626	0.53333336	129.66667	0.5838095	0.95	0.25	0.7388889	0.95	0.4	0.5	1.79483	229.0	120.791664	4.375	8.875	0.0	8.971184	5.375	130.6748287677765
392	3.9060352	1.0200053	4.7022223	0.2	112.5	0.63035715	0.95	0.2	0.70909095	0.95	0.4	0.7	1.1085886	220.0	101.833336	4.6666665	10.666667	0.0	8.802228	6.0	138.60882663726807
393	3.4102037	1.2172514	4.7244444	0.6	139.16667	0.6223301	0.90000004	0.25	0.7300001	0.90000004	0.5	0.55	1.6392902	182.0	129.375	4.2916665	9.791667	0.0	11.897037	5.5416665	135.0783314704895
394	3.8604958	0.8902288	4.9075704	1.8142856	128.875	0.6449542	0.90000004	0.25	0.77500004	0.90000004	0.5	0.7	1.0365208	169.0	118.916664	4.5416665	9.958333	0.0	11.163438	5.9583335	150.59876108169556
395	4.042717	0.7160889	5.254286	1.7555555	113.916664	0.6403509	1.0	0.15	0.7111111	1.0	0.15	0.45000002	1.6134522	187.0	104.333336	4.75	9.583333	0.0	10.156367	5.7083335	141.5941779613495
396	3.0724478	1.1551427	4.8876925	1.0666667	141.20833	0.5979382	0.95	0.2	0.7857142	0.95	0.6	0.6	1.3131824	177.0	133.875	4.0416665	7.3333335	0.0	9.923481	4.5833335	129.02074575424194
397	3.3572452	1.49603	4.9714284	0.0	128.95833	0.6183674	1.0	0.15	0.76250005	1.0	0.45000002	0.65000004	1.476537	181.0	121.208336	4.0833335	7.75	0.0	7.8178077	5.2083335	130.4692177772522
398	3.577819	1.3101194	5.12381	0.45714283	131.0	0.6597087	1.0	0.25	0.8	1.0	0.5	0.6	1.1743326	187.0	122.541664	4.2916665	8.458333	0.0	11.057781	5.1666665	129.00700187683105
399	3.9785745	1.0703535	5.0110517	0.50000006	127.833336	0.65779823	0.95	0.2	0.75833327	0.95	0.65000004	0.55	1.4119885	218.0	117.916664	4.5416665	9.916667	0.0	9.8036	5.5	137.51918482780457
400	3.6589024	1.2427601	5.2114286	0.2	131.08333	0.6278846	0.95	0.25	0.69375	0.95	0.35	0.45000002	1.7104181	202.0	120.958336	4.3333335	10.125	0.0	9.260448	5.3333335	127.16559171676636
401	3.6564167	1.2159694	4.726154	0.2	121.125	0.6148148	0.90000004	0.3	0.76250005	0.90000004	0.6	0.7	0.97630805	173.0	111.208336	4.5	9.916667	0.0	10.023929	6.1666665	131.03637599945068
402	2.9989254	1.4697758	5.100433	0.2	162.75	0.5911111	0.90000004	0.2	0.6642857	0.90000004	0.3	0.6	0.9895824	211.0	154.625	3.75	8.125	0.0	16.470463	4.4583335	123.21217131614685
403	3.7060127	1.3237112	4.855873	0.52307695	121.541664	0.6221698	0.95	0.3	0.7428571	0.95	0.4	0.5	1.587724	220.0	112.375	4.4166665	9.166667	0.0	10.433384	5.5833335	129.55647492408752
404	3.3382652	1.4022996	5.220952	0.0	136.70833	0.5994845	0.95	0.2	0.69375	0.95	0.4	0.7	1.2344587	123.0	127.583336	4.0416665	9.125	0.0	10.258788	4.9166665	133.68332839012146
405	3.1662724	1.5225921	4.923925	0.0	148.125	0.6396739	0.95	0.2	0.75	0.95	0.5	0.65000004	1.1130381	144.0	140.0	3.8333333	8.125	0.0	16.746689	4.5	125.76178789138794
406	3.6079285	1.4065399	5.0698414	0.0	119.916664	0.57058823	0.95	0.2	0.7285714	0.95	0.45000002	0.65000004	1.1775126	160.0	112.166664	4.25	7.75	0.0	11.766701	4.9166665	125.20881843566895
407	3.5894432	1.1444887	4.7777777	1.0181818	114.666664	0.59392524	0.90000004	0.2	0.7	0.90000004	0.35	0.65000004	1.0045048	189.0	105.375	4.4583335	9.291667	0.0	9.637451	5.5833335	122.05449151992798
408	3.5045383	1.5933858	4.986147	0.0	133.45833	0.602	0.95	0.3	0.7388889	0.95	0.5	0.75	0.9688207	176.0	124.208336	4.1666665	9.25	0.0	14.909489	5.2916665	127.45277261734009
409	3.5959177	1.3338821	4.98	0.2	133.33333	0.5548077	1.0	0.15	0.6333333	1.0	0.25	0.75	1.1215019	188.0	123.458336	4.3333335	9.875	0.0	10.530032	5.4166665	128.79996180534363
410	3.714239	1.0638417	4.5942855	0.0	138.25	0.5453704	0.90000004	0.15	0.7125	0.90000004	0.45000002	0.7	1.1700286	186.0	127.916664	4.5	10.333333	0.0	9.053077	5.9166665	130.4118778705597
411	3.9631116	0.7489126	4.9512267	1.6181818	133.70833	0.62763166	0.90000004	0.15	0.7277777	0.90000004	0.45000002	0.5	1.3107742	187.0	123.458336	4.75	10.25	0.0	10.2213545	5.5416665	132.30209183692932
412	3.7696953	1.3320608	5.36	0.66666675	126.041664	0.65721154	1.0	0.3	0.805	1.0	0.5	0.7	1.5685879	158.0	116.75	4.3333335	9.291667	0.0	9.620612	5.4166665	127.47916340827942
413	3.367318	1.4745309	4.824771	0.0	120.5	0.60495055	0.95	0.3	0.75624996	0.95	0.45000002	0.55	1.4750781	140.0	112.208336	4.2083335	8.291667	0.0	9.83341	5.3333335	123.25044822692871
414	3.3586226	1.323074	4.7714286	0.0	140.41667	0.6323232	1.0	0.25	0.6791666	1.0	0.25	0.4	1.7816658	184.0	130.875	4.125	9.541667	0.0	11.880615	5.3333335	123.10150480270386
415	3.3929818	1.3936746	4.8600245	0.0	142.04167	0.60202014	0.95	0.3	0.73125005	0.95	0.35	0.75	0.99760693	193.0	132.75	4.125	9.291667	0.0	13.145005	5.375	124.97840738296509
416	3.5378475	1.1031345	5.273333	1.2000002	127.708336	0.66310674	0.95	0.2	0.74090904	0.95	0.5	0.6	1.2303222	202.0	118.791664	4.2916665	8.916667	0.0	11.575081	5.25	125.45294523239136
417	3.7576084	1.0962821	4.9733334	0.2	128.79167	0.62638897	0.95	0.25	0.775	0.95	0.55	0.5	1.1339308	190.0	119.416664	4.5	9.375	0.0	13.149895	5.25	124.39231848716736
418	3.9199724	1.0141779	5.167619	0.6	139.29167	0.6875	1.0	0.35	0.78333336	1.0	0.35	0.6	1.3532407	214.0	130.08333	4.6666665	9.208333	0.0	12.373543	5.5416665	139.59328889846802
419	3.6562479	1.4040363	4.7644444	0.2	125.25	0.66	0.90000004	0.25	0.75555557	0.90000004	0.55	0.6	1.2689282	212.0	114.791664	4.375	10.458333	0.0	13.398984	5.3333335	125.72608757019043
420	3.2164261	1.3162535	5.1757574	0.86153847	131.25	0.630303	0.95	0.1	0.71428573	0.95	0.45000002	0.55	1.3147526	196.0	122.166664	4.125	9.083333	0.0	11.850991	5.25	120.22182273864746
421	3.3140593	1.360688	5.0891376	0.2	143.33333	0.63418365	0.95	0.2	0.7277777	0.95	0.35	0.45000002	1.78656	191.0	133.25	4.0833335	10.083333	0.0	11.382506	5.4166665	125.77125430107117
422	3.974429	0.9312006	5.0533333	0.7	120.875	0.6378379	0.95	0.25	0.74444443	0.95	0.4	0.5	1.6441714	157.0	110.916664	4.625	9.958333	0.0	7.9718857	5.75	130.70956087112427
423	3.75881	1.148727	4.9209523	0.9142856	133.91667	0.6386794	0.90000004	0.15	0.7571429	0.90000004	0.55	0.55	1.37635	168.0	123.875	4.4166665	10.041667	0.0	12.772771	5.5833335	130.35338044166565
424	3.6135464	1.2287024	4.7999997	0.2	144.91667	0.6307693	0.95	0.25	0.7642857	0.95	0.45000002	0.75	0.9408638	192.0	134.625	4.3333335	10.291667	0.0	17.579866	5.625	129.24222493171692
425	3.109187	1.6002008	5.102857	0.53333336	123.541664	0.6304348	0.95	0.25	0.6642857	0.95	0.35	0.45000002	1.7703972	162.0	115.5	3.8333333	8.041667	0.0	13.980428	4.8333335	129.04145073890686
426	3.3749924	1.4306182	4.9463925	0.2	125.875	0.614	0.90000004	0.15	0.66999996	0.90000004	0.2	0.7	1.169785	181.0	116.166664	4.1666665	9.708333	0.0	8.189365	5.0833335	128.99945998191833
427	3.2132576	1.3548602	4.94368	0.6	148.66667	0.6408163	0.90000004	0.2	0.67142856	0.90000004	0.3	0.6	1.342324	183.0	140.0	4.0833335	8.666667	0.0	10.258728	5.4583335	144.1359589099884
428	3.5221615	1.2787397	4.657143	0.6	134.58333	0.59278846	0.90000004	0.3	0.6888889	0.90000004	0.35	0.6	1.7175047	210.0	125.375	4.3333335	9.208333	0.0	17.22251	5.2083335	139.11141085624695
429	3.1097295	1.4329541	4.781026	0.0	151.625	0.6331522	0.90000004	0.2	0.76428574	0.90000004	0.55	0.7	1.4417242	156.0	142.95833	3.8333333	8.666667	0.0	11.200569	4.9166665	143.29458689689636
430	3.0780418	1.4550772	4.870215	0.6	157.04167	0.6139785	0.90000004	0.3	0.7250001	0.90000004	0.3	0.6	1.5388198	157.0	148.70833	3.875	8.333333	0.0	11.877304	4.9583335	130.8823525905609
431	3.7499568	1.4130993	5.4835167	0.0	119.916664	0.685577	1.0	0.2	0.8055556	1.0	0.65000004	0.5	1.3804905	170.0	110.125	4.3333335	9.791667	0.0	8.997736	5.7083335	136.12635731697083
432	3.1874847	1.2913488	4.7822223	0.6666667	150.41667	0.6626316	0.90000004	0.3	0.75833327	0.90000004	0.6	0.85	0.9191179	165.0	141.66667	3.9583333	8.75	0.0	14.9572935	5.0416665	132.22038507461548
433	3.1903002	1.484575	5.003896	0.0	132.95833	0.617742	0.95	0.15	0.7214285	0.95	0.55	0.65000004	1.0071199	169.0	126.25	3.875	6.7083335	0.0	13.652274	4.6666665	131.70506048202515
434	3.411026	1.5982714	5.133333	0.0	141.33333	0.6510101	1.0	0.35	0.8125	1.0	0.55	0.6	1.489391	153.0	132.20833	4.125	9.125	0.0	10.478844	4.9166665	134.48480558395386
435	3.627268	1.3946368	5.2087913	0.2	129.58333	0.67326725	1.0	0.3	0.8357143	1.0	0.65000004	0.8	0.97262925	176.0	120.916664	4.2083335	8.666667	0.0	9.744025	5.125	134.48411870002747
436	3.5493805	1.3507824	4.96	0.2	130.25	0.6616505	0.95	0.35	0.7388889	0.95	0.35	0.7	0.74229336	171.0	120.833336	4.2916665	9.416667	0.0	9.78274	5.6666665	136.92216634750366
437	3.3503616	1.2029146	5.0657706	0.55	132.875	0.6510101	0.95	0.3	0.73125005	0.95	0.4	0.65000004	1.0026453	157.0	124.791664	4.125	8.083333	0.0	10.200858	5.0416665	138.40374732017517
438	3.4770117	1.3703213	4.866667	0.0	136.0	0.6965	1.0	0.3	0.85833335	1.0	0.7	0.65000004	1.1206824	166.0	125.958336	4.1666665	10.041667	0.0	8.116803	5.25	133.42614316940308
439	3.4269288	1.3169246	5.018182	0.2	152.0	0.619	0.85	0.3	0.62727267	0.85	0.35	0.6	1.2588037	184.0	142.04167	4.1666665	9.958333	0.0	14.520203	5.1666665	133.66336750984192
440	3.5156887	1.4179189	5.3753967	0.2	130.33333	0.65882355	0.95	0.25	0.735	0.95	0.3	0.6	0.91814196	153.0	121.333336	4.25	9.0	0.0	9.470855	5.25	134.9420461654663
441	3.4896421	1.4085034	5.1203923	0.0	128.79167	0.6585859	0.95	0.15	0.7722222	0.95	0.55	0.8	0.71191865	175.0	120.125	4.125	8.666667	0.0	9.5970335	5.0833335	131.967524766922
442	3.8485925	1.137676	5.075556	0.5142856	123.583336	0.6252293	1.0	0.25	0.69	1.0	0.25	0.5	1.4555383	161.0	113.5	4.5416665	10.083333	0.0	10.549577	5.625	140.96583700180054
443	3.7450886	1.1369021	4.923077	0.8888889	115.958336	0.63738316	0.90000004	0.25	0.79285717	0.90000004	0.55	0.75	1.1307828	190.0	107.083336	4.4583335	8.875	0.0	9.224639	5.2083335	135.28671956062317
444	3.6067169	1.4383085	4.9333334	0.0	126.166664	0.6362745	0.95	0.15	0.78125	0.95	0.6	0.6	1.2725168	157.0	116.083336	4.25	10.083333	0.0	7.938933	5.2916665	137.30796432495117
445	3.4292116	1.4048736	5.2126985	0.2	137.08333	0.669802	0.95	0.3	0.825	0.95	0.55	0.6	1.2449286	165.0	126.708336	4.2083335	10.375	0.0	12.231662	5.5416665	134.61227345466614
446	3.2910588	1.3490576	4.6735044	0.63529414	139.125	0.6293815	0.95	0.35	0.76250005	0.95	0.55	0.5	1.5161129	216.0	130.5	4.0416665	8.625	0.0	11.471692	5.5833335	135.29295015335083
447	3.5197856	1.2313019	4.7515154	0.6	130.75	0.6163461	0.90000004	0.25	0.76874995	0.90000004	0.6	0.45000002	1.482062	169.0	121.75	4.3333335	9.0	0.0	10.649151	5.25	138.86771249771118
448	3.1846454	1.5876476	4.8750877	0.0	129.95833	0.5854166	0.90000004	0.25	0.7714286	0.90000004	0.65000004	0.55	1.359533	161.0	121.416664	4.0	8.541667	0.0	12.617997	5.0	135.22529435157776
449	3.2711875	1.1803392	4.9666667	0.68235296	151.125	0.59343433	0.95	0.1	0.675	0.95	0.3	0.55	1.2283579	170.0	140.91667	4.125	10.208333	0.0	12.004392	5.2916665	135.03715586662292
450	3.35728	1.4656773	5.200635	0.0	144.45833	0.61421055	0.90000004	0.1	0.6642857	0.90000004	0.25	0.3	2.0000815	166.0	134.0	3.9583333	10.458333	0.0	7.655478	5.2083335	136.80603122711182
451	3.3043158	1.4012687	4.647619	0.0	138.95833	0.64591837	0.95	0.25	0.76	0.95	0.45000002	0.55	2.2449684	188.0	130.83333	4.0833335	8.125	0.0	8.500242	4.9583335	153.6353244781494
452	3.5550013	1.141537	4.9076924	0.6	135.95833	0.62884617	0.95	0.2	0.6375	0.95	0.25	0.5	1.2473826	162.0	126.208336	4.3333335	9.75	0.0	10.367462	5.5416665	139.37821745872498
453	3.6556242	1.2707781	5.249524	0.0	129.875	0.6893204	1.0	0.25	0.8	1.0	0.5	0.75	1.1916641	180.0	120.416664	4.2916665	9.458333	0.0	8.012193	5.375	141.00518822669983
454	3.82083	1.0049498	5.1066666	1.0352942	114.791664	0.67090917	1.0	0.3	0.8	1.0	0.45000002	0.4	2.137463	178.0	105.75	4.5833335	9.041667	0.0	9.023833	5.5	144.5722155570984
455	3.5939648	1.0692086	4.8555846	0.55	151.45833	0.6961539	0.95	0.3	0.75	0.95	0.55	0.75	0.9374784	178.0	141.875	4.3333335	9.583333	0.0	14.371696	5.4166665	142.53184938430786
456	3.1989644	1.4999331	5.12381	0.0	158.0	0.68829787	1.0	0.3	0.77000004	1.0	0.4	0.7	1.08275	168.0	150.04167	3.9166667	7.9583335	0.0	20.00145	4.75	131.67598628997803
457	3.423056	1.6058017	5.186667	0.0	113.75	0.63958335	0.95	0.25	0.8	0.95	0.5	0.85	1.050844	169.0	104.416664	4.0	9.333333	0.0	7.2746873	4.9583335	149.71299195289612
458	3.7781537	0.9669717	4.6076193	0.2	110.833336	0.63348216	0.90000004	0.3	0.69285715	0.90000004	0.45000002	0.3	1.683315	197.0	101.708336	4.6666665	9.125	0.0	9.768401	5.5	140.76299118995667
459	3.6939905	1.0753418	4.7780266	1.2307693	130.33333	0.6694445	0.95	0.25	0.71111107	0.95	0.45000002	0.6	1.353713	155.0	120.291664	4.5	10.041667	0.0	12.322452	5.5833335	136.34541082382202
460	3.5477417	1.3417201	4.96	0.0	141.5	0.6632353	0.95	0.3	0.78	0.95	0.45000002	0.65000004	1.2331014	200.0	131.79167	4.25	9.708333	0.0	10.241238	5.375	136.18204426765442
461	3.2478764	1.4459063	4.7911115	0.2	146.375	0.63697916	0.90000004	0.25	0.7111111	0.90000004	0.45000002	0.35	2.4799962	186.0	139.04167	4.0	7.3333335	0.0	12.727649	4.5	129.71660923957825
462	3.2008507	1.4486682	4.629206	0.0	137.45833	0.6731183	1.0	0.35	0.8	1.0	0.55	0.7	1.3642322	179.0	129.70833	3.875	7.75	0.0	12.24512	4.625	138.11379599571228
463	3.4383287	1.5875621	5.230476	0.2	141.83333	0.69175255	0.95	0.25	0.74375004	0.95	0.45000002	0.55	1.4094012	163.0	132.79167	4.0416665	9.041667	0.0	12.805831	4.8333335	132.5696587562561
464	3.8131752	1.3490093	5.28	0.2	117.541664	0.6957547	0.95	0.2	0.84375	0.95	0.7	0.6	1.7840084	180.0	107.791664	4.4166665	9.75	0.0	8.290936	5.2083335	138.12235260009766
465	2.947441	1.6102962	5.024762	0.0	150.625	0.6649426	0.95	0.4	0.75625	0.95	0.45000002	0.55	1.4455945	163.0	142.58333	3.625	8.041667	0.0	18.02321	4.2916665	131.19515180587769
466	3.6028488	1.2474327	4.8444448	0.2	133.66667	0.6278302	0.90000004	0.25	0.71875	0.90000004	0.4	0.45000002	2.309012	184.0	123.708336	4.4166665	9.958333	0.0	12.967792	5.25	142.41926884651184
467	3.3446443	1.6814559	5.386667	0.0	148.20833	0.6844086	1.0	0.2	0.8125	1.0	0.4	0.7	1.1889206	149.0	140.75	3.875	7.4583335	0.0	11.57394	4.7916665	131.20653247833252
468	3.7982311	1.1781036	4.84	0.72	131.41667	0.68095237	1.0	0.2	0.7166667	1.0	0.55	0.85	0.96464187	167.0	121.5	4.375	9.916667	0.0	9.378229	5.4583335	139.94396376609802
469	3.5628395	1.64104	5.514286	0.0	139.70833	0.6752525	1.0	0.2	0.75625	1.0	0.4	0.4	1.4026401	213.0	130.625	4.125	9.083333	0.0	10.19132	5.2083335	137.31222534179688
470	3.962288	1.066828	4.9561906	0.99999994	124.125	0.70277774	1.0	0.35	0.7909092	1.0	0.5	0.65000004	1.1647882	157.0	114.083336	4.5	10.041667	0.0	13.157723	5.5833335	136.26718926429749
471	3.8142586	1.0826942	4.807619	0.5142857	128.75	0.65324074	1.0	0.15	0.79375005	1.0	0.55	0.5	1.3761393	173.0	119.083336	4.5	9.666667	0.0	11.672999	5.5	138.01489281654358
472	3.6515465	1.4262432	5.1073594	0.2	127.875	0.58495146	0.90000004	0.15	0.685	0.90000004	0.4	0.55	1.3149102	157.0	118.583336	4.2916665	9.291667	0.0	12.286189	5.25	132.98094725608826
473	3.6297305	1.2007887	4.9266667	0.5333333	140.83333	0.68523806	0.95	0.2	0.7125	0.95	0.2	0.65000004	1.2272466	176.0	131.45833	4.375	9.375	0.0	12.153934	5.375	137.9629294872284
474	3.5990098	1.2812977	5.182857	0.90000004	142.125	0.6959595	0.95	0.25	0.82000005	0.95	0.65000004	0.5	1.6270794	180.0	133.16667	4.125	8.958333	0.0	10.842977	5.375	133.8540337085724
475	3.8439586	1.2618611	5.0133333	0.0	107.458336	0.67850465	0.95	0.35	0.73888886	0.95	0.4	0.7	0.8891613	173.0	98.291664	4.4583335	9.166667	0.0	10.558099	5.3333335	133.76730179786682
476	3.5135448	1.3674445	5.247619	0.56	139.95833	0.72499996	0.95	0.35	0.8	0.95	0.5	0.65000004	1.5973952	194.0	131.54167	4.0833335	8.416667	0.0	12.601525	5.0	138.49307322502136
477	3.739877	1.3624132	5.0666666	0.6285714	134.29167	0.6529127	0.90000004	0.2	0.8	0.90000004	0.6	0.4	1.4401537	207.0	124.375	4.2916665	9.916667	0.0	14.09525	5.5	149.70448064804077
478	3.7799876	1.1662444	5.246667	0.0	117.833336	0.64764154	0.95	0.25	0.725	0.95	0.35	0.7	0.9872071	166.0	108.0	4.4166665	9.833333	0.0	9.743798	5.2916665	134.49854683876038
479	3.9347074	1.0917908	5.075556	0.6	115.208336	0.62142855	0.95	0.2	0.70416665	0.95	0.4	0.4	1.5854404	178.0	103.583336	4.6666665	11.625	0.0	9.22359	5.875	140.46819067001343
480	3.4431026	1.5414585	4.898693	0.0	155.83333	0.65561223	0.95	0.3	0.75	0.95	0.55	0.7	1.0278502	184.0	147.70833	4.0833335	8.125	0.0	13.671486	5.125	134.9719169139862
481	3.7025387	1.4282811	5.32362	0.0	115.291664	0.64901966	0.95	0.25	0.761111	0.95	0.4	0.8	1.3962528	200.0	105.833336	4.25	9.458333	0.0	8.953757	5.1666665	131.68109726905823
482	3.7490108	1.1983442	5.1666665	0.6285714	134.58333	0.65235853	0.95	0.3	0.7	0.95	0.45000002	0.6	1.7197533	173.0	125.625	4.4166665	8.958333	0.0	14.211537	5.2083335	132.05096864700317
483	3.6318274	1.1783975	5.3142858	1.0400001	148.625	0.6221154	0.95	0.15	0.665	0.95	0.15	0.45000002	1.3689004	204.0	138.83333	4.3333335	9.791667	0.0	13.565455	5.5	129.45787978172302
484	3.7028658	1.3323672	4.855195	0.2	118.375	0.642381	0.95	0.2	0.7277777	0.95	0.35	0.5	1.4162391	200.0	109.583336	4.375	8.791667	0.0	10.104777	5.3333335	135.89216899871826
485	3.636384	1.3729074	5.2515154	0.0	127.291664	0.6485294	0.95	0.3	0.75625	0.95	0.4	0.7	1.0942367	179.0	118.666664	4.25	8.625	0.0	8.667381	5.7083335	137.6299831867218
486	3.6123657	1.3106929	5.1163006	0.2	110.541664	0.63066036	0.95	0.15	0.71111107	0.95	0.35	0.75	1.087507	152.0	101.375	4.4166665	9.166667	0.0	8.267646	5.5833335	144.2782061100006
487	3.5256033	1.1947874	5.252381	0.2	142.5	0.64759624	1.0	0.3	0.75624996	1.0	0.45000002	0.6	1.202573	145.0	132.625	4.3333335	9.875	0.0	13.25661	5.25	149.73780012130737
488	3.554643	1.3954148	4.9794874	0.0	127.0	0.58861387	0.90000004	0.2	0.62500006	0.90000004	0.3	0.5	1.4958222	153.0	117.625	4.2083335	9.375	0.0	10.831418	5.25	140.18907260894775
489	3.7079537	1.3046296	5.2686815	0.2	128.79167	0.6528571	0.95	0.3	0.7875	0.95	0.5	0.6	1.5245472	178.0	119.125	4.375	9.666667	0.0	10.786415	5.4166665	136.87986850738525
490	3.861614	1.1053704	4.881905	0.44705883	126.166664	0.65642196	0.95	0.2	0.72272724	0.95	0.5	0.8	0.74185234	139.0	115.958336	4.5416665	10.208333	0.0	10.819417	5.7916665	134.76087498664856
491	3.831569	1.3328741	5.032381	0.2	117.25	0.6747664	1.0	0.2	0.7571429	1.0	0.5	0.4	1.5285316	218.0	107.208336	4.4583335	10.041667	0.0	8.950128	5.7083335	132.87475299835205
492	4.174633	0.8322709	4.8952384	0.7294118	103.416664	0.6526088	0.95	0.2	0.7125	0.95	0.45000002	0.8	0.71740276	171.0	93.541664	4.7916665	9.875	0.0	9.092767	5.75	137.78585648536682
493	3.3148537	1.6460174	5.017778	0.0	133.70833	0.6851064	0.95	0.3	0.72	0.95	0.3	0.7	1.2095201	208.0	125.458336	3.9166667	8.25	0.0	7.5888925	4.8333335	127.55831599235535
494	3.7867453	1.486828	5.12381	0.0	124.708336	0.7230392	1.0	0.2	0.8000001	1.0	0.45000002	0.8	1.3467547	184.0	115.416664	4.25	9.291667	0.0	9.449661	5.5	132.43934440612793
495	3.6975543	1.2200406	5.133333	0.85	137.5	0.69805825	0.95	0.25	0.70625	0.95	0.35	0.65000004	1.0406338	191.0	127.958336	4.2916665	9.541667	0.0	11.539612	5.1666665	153.3954529762268
496	3.8864174	1.3273926	5.4363637	0.0	105.333336	0.63831776	1.0	0.2	0.75	1.0	0.3	0.85	0.6061066	208.0	96.25	4.4583335	9.083333	0.0	7.0462403	5.5416665	159.74433422088623
497	3.282137	1.3797523	4.8309526	0.0	139.58333	0.61479586	0.90000004	0.2	0.735	0.90000004	0.55	0.4	1.9646358	186.0	131.125	4.0833335	8.458333	0.0	12.6335335	4.7916665	158.74407076835632
498	3.4303143	1.252643	4.985641	0.6	140.25	0.66435647	0.95	0.25	0.74375	0.95	0.5	0.8	0.8696162	220.0	130.66667	4.2083335	9.583333	0.0	12.004539	5.4583335	161.1837236881256
499	3.5347683	1.2749641	4.809524	0.90000004	150.875	0.6105769	0.90000004	0.25	0.69285715	0.90000004	0.35	0.35	2.1438918	170.0	140.91667	4.3333335	9.958333	0.0	16.79509	5.125	198.08696007728577
500	3.277298	1.5812094	4.9276924	0.0	141.33333	0.6626316	0.90000004	0.25	0.75	0.90000004	0.5	0.5	1.2484362	198.0	132.45833	3.9583333	8.875	0.0	11.063647	5.0416665	142.53892159461975
