Epoch	AverageEpRet	StdEpRet	MaxEpRet	MinEpRet	EpLen	Loss	ClipFrac	Entropy	KL	Acc	MaxAcc	MinAcc	MaxTrialAcc	TestFinetuneAcc	TestFinetuneLoss	TestFinetuneParam	NumAlphaAdj	NumEstimations	NumEdgeTrav	NumIllegalEdgeTrav	NumAlphaAdjBeforeTrav	UniqueEdges	Time
1	3.4672422	0.6851576	4.3237667	0.89411765	126.416664	-0.011025508	0.045265883	2.2284656	-0.0071021765	0.19035089	0.5	0.0	0.3375	0.3	2.367442	202.0	99.5	4.75	26.916666	0.0	3.7113955	8.125	146.62025785446167
2	3.4407952	0.46541613	4.0363398	2.2941177	149.70833	0.0030783191	0.03194814	2.5029764	-0.019851685	0.2232456	0.55	0.05	0.36666667	0.15	2.595115	321.0	111.625	4.75	38.083332	0.0	2.9838345	8.666667	144.4732060432434
3	3.4738007	0.553512	4.1666665	2.2444444	131.20833	-0.007357776	0.12520391	2.4966736	-0.0073040347	0.20043479	0.5	0.05	0.36	0.2	2.3233204	197.0	92.666664	4.7916665	38.541668	0.0	2.4413743	8.416667	142.40133142471313
4	3.269973	0.8591494	4.163187	0.9263158	123.458336	0.016043773	0.09338513	2.6227868	-0.031700205	0.2472477	0.55	0.05	0.35714287	0.15	2.5171788	224.0	82.75	4.5416665	40.708332	0.0	1.9964012	8.5	142.8608741760254
5	3.6294997	0.41589504	4.2320447	2.3777778	131.875	-0.010398598	0.15839271	2.6875045	-0.017145727	0.18135594	0.45000002	0.0	0.275	0.2	2.5500598	221.0	92.875	4.9166665	39.0	0.0	2.379659	8.625	152.0836672782898
6	3.3608427	0.74476206	4.0971427	1.4888889	139.75	-0.014587331	0.19831373	2.57247	-0.0109179765	0.2263393	0.5	0.0	0.32142857	0.3	2.177821	166.0	106.875	4.6666665	32.875	0.0	3.242015	8.458333	145.33965587615967
7	3.398277	0.6742122	4.186842	1.6915033	144.08333	-0.04378481	0.20011663	2.4995167	-0.018710256	0.17610621	0.45000002	0.0	0.30714288	0.15	2.613349	310.0	116.166664	4.7083335	27.916666	0.0	4.206917	8.666667	156.11387085914612
8	3.114835	1.0403981	4.390476	0.2	146.91667	-0.039845824	0.21669315	2.5431368	-0.017604804	0.19198114	0.45000002	0.0	0.29999998	0.15	2.711637	130.0	119.75	4.4166665	27.166666	0.0	4.4439044	8.25	149.98334431648254
9	2.392453	1.0264086	3.9267974	0.0	189.875	-0.004489342	0.1361321	2.3684866	-0.057259906	0.19157305	0.5	0.0	0.28181818	0.1	2.626741	249.0	163.66667	3.7083333	26.208334	0.0	6.7949677	7.8333335	143.79528880119324
10	2.1601045	1.0603188	4.0429826	0.6	189.79167	-0.011694841	0.08408454	2.1311178	-0.03822259	0.2054878	0.4	0.0	0.29999998	0.2	2.5537617	147.0	174.5	3.4166667	15.291667	0.0	12.411648	7.125	141.2504427433014
11	2.1021287	1.021581	3.9949207	0.2	187.625	-0.014931164	0.120285325	2.136454	-0.027000703	0.22560978	0.45000002	0.05	0.26818183	0.2	2.4402833	186.0	168.95833	3.4166667	18.666666	0.0	9.570128	7.2916665	142.9818572998047
12	1.5758559	0.8878781	3.6566668	0.2	196.16667	-0.007680014	0.09189704	1.7924618	-0.010630454	0.21417911	0.45000002	0.0	0.29285714	0.25	2.6587148	151.0	185.54167	2.7916667	10.625	0.0	17.749166	6.1666665	134.54496932029724
13	1.1599575	0.7928521	2.7915032	0.0	200.0	-0.009801605	0.07817508	1.6135292	-0.00038476102	0.2066038	0.45000002	0.05	0.2857143	0.35	2.6380951	156.0	193.375	2.2083333	6.625	0.0	22.379578	4.4583335	128.38433265686035
14	1.3676192	1.1435641	3.9859476	0.0	193.83333	-0.015841203	0.075499974	1.5195013	-0.002235846	0.18333334	0.45000002	0.0	0.32500002	0.2	2.5502553	156.0	184.20833	2.375	9.625	0.0	22.280924	5.0833335	131.5345582962036
15	1.9629021	1.2133197	4.3777776	0.44210526	192.54167	-0.027827226	0.07689447	1.7802429	-0.00091729005	0.20394737	0.55	0.0	0.35	0.25	2.5071747	127.0	176.79167	3.1666667	15.75	0.0	12.020325	6.5416665	145.83604502677917
16	1.9252701	1.1089976	4.3526316	0.0	193.79167	-0.019625729	0.07917669	1.8336115	0.0053182975	0.2541096	0.5	0.05	0.37142855	0.1	2.6761844	179.0	182.75	3.0416667	11.041667	0.0	17.202625	6.0	140.14049530029297
17	1.5978208	1.2331167	4.1603923	0.2	193.79167	-0.0066097737	0.06971154	2.0706673	0.0042594257	0.24296875	0.55	0.05	0.3416667	0.35	2.5682378	169.0	182.83333	2.6666667	10.958333	0.0	17.197483	5.3333335	132.18334913253784
18	1.4709066	1.0037844	3.5441177	0.2	197.08333	-0.015981669	0.0854367	2.1886926	0.010804507	0.15454546	0.4	0.0	0.22500002	0.2	2.649117	212.0	184.75	2.75	12.333333	0.0	15.2916975	5.9583335	135.9072437286377
19	2.1570714	1.0450332	4.172446	0.0	193.75	-0.0064816605	0.07527044	2.3786285	0.016943919	0.25506327	0.5	0.05	0.3875	0.15	2.4843364	178.0	182.20833	3.2916667	11.541667	0.0	16.396324	6.3333335	145.33173847198486
20	1.774072	1.0905019	3.9312694	0.0	194.5	-0.017313287	0.13367103	2.2824638	0.01937536	0.23478262	0.5	0.05	0.30625	0.1	2.4629989	177.0	185.16667	2.875	9.333333	0.0	18.33819	5.2083335	134.29954862594604
21	0.9978135	0.8358846	3.4970589	0.0	196.16667	-0.015964067	0.14728566	2.1863134	0.023704855	0.18437499	0.4	0.0	0.2	0.1	2.7224374	160.0	189.08333	2.0	7.0833335	0.0	23.329615	4.0833335	124.01755595207214
22	1.2343539	1.0882231	4.1130996	0.0	195.70833	-0.016480783	0.07239798	2.1109512	0.024070755	0.19423078	0.45000002	0.05	0.22857144	0.2	2.5552926	137.0	187.45833	2.1666667	8.25	0.0	29.912292	4.9166665	127.23236536979675
23	1.5963116	1.1092417	3.7411764	0.2	193.45833	-0.023353899	0.094572745	2.1183126	0.029215442	0.24296874	0.6	0.05	0.38333336	0.15	2.3024914	102.0	183.5	2.6666667	9.958333	0.0	17.042511	5.4583335	138.88314580917358
24	1.8433992	1.074962	3.9352942	0.2	196.5	-0.021459842	0.10678515	2.1331577	0.030374475	0.2326389	0.45000002	0.05	0.31428573	0.35	2.5241723	158.0	186.29167	3.0	10.208333	0.0	18.416243	5.4166665	141.5380358695984
25	2.7419503	1.0468326	4.114286	0.55	177.5	-0.0068232585	0.10708205	2.1606827	0.025381768	0.27812502	0.5	0.0	0.39166665	0.25	2.4280705	110.0	164.54167	4.0	12.958333	0.0	12.527699	6.6666665	158.24203300476074
26	1.8733438	0.86191005	3.288889	0.44210526	199.16667	-0.009400644	0.08263937	2.122194	0.027471995	0.19342107	0.55	0.0	0.3125	0.2	2.4689827	153.0	187.83333	3.1666667	11.333333	0.0	15.873124	5.625	146.33581709861755
27	1.6005367	0.9928933	4.01	0.2	198.5	-0.019508118	0.09396821	2.1098936	0.028457388	0.27692306	0.6	0.05	0.34	0.3	2.5388315	108.0	187.25	2.7083333	11.25	0.0	16.180601	5.6666665	135.627290725708
28	1.8626407	1.0488125	3.9571428	0.2	190.125	-0.027478993	0.071160294	2.1294718	0.032122824	0.23581082	0.55	0.0	0.31666666	0.2	2.7285838	146.0	180.79167	3.0833333	9.333333	0.0	16.250023	5.375	143.89945363998413
29	2.1276834	1.0056268	4.228053	0.44705883	192.58333	-0.0131540885	0.09691936	2.06608	0.03061206	0.25	0.55	0.05	0.4	0.3	2.569488	142.0	182.08333	3.2916667	10.5	0.0	16.398514	5.9583335	146.95801830291748
30	1.2439591	0.76424426	2.7503922	0.2	200.0	-0.02401247	0.08799078	2.0246165	0.035053734	0.28839287	0.6	0.0	0.34444442	0.15	2.5638168	156.0	191.54167	2.3333333	8.458333	0.0	21.28151	4.7916665	136.8503918647766
31	1.2586247	1.0001458	3.8215384	0.0	199.25	-0.016157435	0.073803805	1.9493281	0.037624072	0.23207544	0.45000002	0.0	0.28750002	0.2	2.6064544	139.0	193.625	2.2083333	5.625	0.0	40.093758	3.3333333	132.68761157989502
32	1.2746736	0.7572139	2.6215384	0.0	200.0	-0.027385628	0.10401642	1.9910539	0.039014887	0.21160714	0.45000002	0.0	0.29999998	0.25	2.4307857	99.0	193.875	2.3333333	6.125	0.0	32.158875	3.9166667	133.19781398773193
33	0.9078736	0.6366423	2.64	0.0	200.0	-0.01974289	0.08488583	1.8556982	0.03980762	0.22272728	0.45000002	0.0	0.32142857	0.35	2.3481395	121.0	195.83333	1.8333334	4.1666665	0.0	39.5186	2.7083333	121.61314463615417
34	0.92745274	0.6900867	2.654971	0.0	200.0	-0.020432182	0.09440104	1.8459202	0.037569672	0.20777778	0.5	0.0	0.30833334	0.3	2.564253	115.0	196.20833	1.875	3.7916667	0.0	45.121723	2.9583333	126.58292531967163
35	0.92585164	0.69798356	2.5309942	0.0	200.0	-0.018493926	0.08884215	2.0413897	0.045348834	0.17674418	0.4	0.0	0.27142856	0.15	2.528931	135.0	196.29167	1.7916666	3.7083333	0.0	52.486805	2.7916667	118.16691017150879
36	0.8443475	0.52158445	2.035294	0.2	200.0	-0.029183539	0.08919271	2.1035533	0.04419008	0.19999997	0.4	0.05	0.25625	0.35	2.4929223	115.0	195.33333	1.875	4.6666665	0.0	40.50833	3.0833333	122.19854712486267
37	0.9954874	0.59798056	2.3263159	0.0	200.0	-0.023663327	0.12064304	2.0350587	0.04392386	0.17604168	0.35	0.0	0.25	0.2	2.5903115	119.0	194.70833	2.0	5.2916665	0.0	39.332584	3.5	122.24712467193604
38	1.3186721	0.9808169	3.7285714	0.0	193.79167	-0.026303893	0.08894947	2.0828738	0.03986839	0.22758622	0.5	0.0	0.31666666	0.15	2.6039119	84.0	188.33333	2.4166667	5.4583335	0.0	35.024025	3.9166667	123.75542092323303
39	1.0899214	1.0639203	4.246154	0.0	198.95833	-0.013594276	0.09400041	2.121114	0.041087713	0.23111111	0.55	0.05	0.3166667	0.35	2.3746972	123.0	194.625	1.875	4.3333335	0.0	40.96875	3.375	122.28377556800842
40	0.87870425	0.49835095	2.1354387	0.0	200.0	-0.02569736	0.08934295	2.079797	0.048582498	0.24285714	0.55	0.0	0.375	0.25	2.6387565	135.0	195.41667	1.75	4.5833335	0.0	39.172237	3.3333333	120.58730173110962
41	1.5761229	0.6490166	3.6718955	0.49411765	200.0	-0.026105396	0.10211339	2.0606885	0.04444672	0.19179106	0.55	0.05	0.28888887	0.2	2.5211048	98.0	193.375	2.7916667	6.625	0.0	28.734573	4.3333335	137.42268419265747
42	1.5116256	1.044201	3.9570496	0.2	197.5	-0.011393543	0.11478367	2.1341343	0.036359254	0.2975	0.55	0.05	0.37857142	0.1	2.4692829	176.0	191.25	2.5	6.25	0.0	29.822058	3.7083333	134.97364735603333
43	1.8501391	0.8654835	3.6666667	0.44705883	195.625	-0.012873478	0.0829327	2.1002374	0.025201967	0.30069447	0.65000004	0.05	0.4	0.05	2.5958917	107.0	189.91667	3.0	5.7083335	0.0	28.809378	3.875	142.77371668815613
44	1.5990715	0.9425036	4.092121	0.2	199.75	-0.022147253	0.090176426	2.1973822	0.035283085	0.2703125	0.55	0.0	0.32777777	0.05	2.637877	139.0	193.33333	2.6666667	6.4166665	0.0	30.748743	3.7083333	137.41922760009766
45	1.874142	1.1615533	3.9433334	0.5411765	189.33333	-0.016685808	0.10211339	2.2450285	0.033902887	0.25202703	0.6	0.05	0.38333333	0.2	2.4983115	145.0	179.66667	3.0833333	9.666667	0.0	18.396156	5.0416665	135.87233662605286
46	2.2818582	0.99691486	4.295088	0.45714283	185.70833	-0.017693399	0.11598558	2.2306688	0.026668021	0.2547619	0.55	0.05	0.35625	0.3	2.5000472	129.0	175.45833	3.5	10.25	0.0	24.344446	5.2083335	141.6096634864807
47	1.9984306	1.2437339	4.355522	0.0	194.875	-0.007017668	0.08090802	2.2647603	0.023847783	0.2513158	0.55	0.0	0.3888889	0.2	2.4003377	129.0	185.91667	3.1666667	8.958333	0.0	25.290854	4.9166665	140.1708686351776
48	2.1066744	1.0104038	4.374615	0.53333336	196.95833	-0.019848643	0.111177884	2.3366277	0.027813243	0.24683549	0.6	0.0	0.38000003	0.3	2.768799	127.0	186.16667	3.2916667	10.791667	0.0	19.793999	5.25	145.33432459831238
49	1.7352457	1.018417	3.9797385	0.0	194.54167	-0.022218877	0.10195241	2.3544147	0.027909094	0.24855074	0.5	0.0	0.34375	0.2	2.6176136	114.0	187.25	2.875	7.2916665	0.0	23.303793	3.6666667	134.3518397808075
50	2.2615798	0.89363474	3.8230994	0.93333334	193.79167	-0.01526185	0.12119391	2.426222	0.027093073	0.27559525	0.65000004	0.0	0.41000003	0.1	2.7636647	160.0	183.83333	3.5	9.958333	0.0	16.929731	5.0	144.76089096069336
51	2.5510206	1.1293824	4.041282	0.2	185.83333	-0.0138636185	0.11862552	2.4149172	0.0275131	0.27197802	0.55	0.05	0.4	0.2	2.4196377	109.0	175.08333	3.7916667	10.75	0.0	17.165777	5.0833335	153.77689671516418
52	1.9190556	0.9807337	4.1564403	0.2	195.54167	-0.013274185	0.10271434	2.3236125	0.021289011	0.23333333	0.6	0.05	0.33636367	0.2	2.9918907	109.0	187.75	3.125	7.7916665	0.0	30.07073	4.4583335	144.81978726387024
53	2.126835	1.0889921	4.043761	0.6	190.70833	-0.011784236	0.104803406	2.2881453	0.021421215	0.27625	0.6	0.05	0.3625	0.2	2.5991025	111.0	182.625	3.3333333	8.083333	0.0	20.933046	4.375	148.3953239917755
54	2.7047021	0.9822876	4.10774	0.8842105	186.79167	-0.017525619	0.10849144	2.3605354	0.019248994	0.25263157	0.55	0.0	0.3642857	0.25	2.3544834	109.0	173.5	3.9583333	13.291667	0.0	12.9693985	5.8333335	154.59164428710938
55	2.658973	1.1184933	4.213773	0.2	174.125	-0.0007158676	0.1419378	2.2935107	0.008097763	0.26758242	0.55	0.05	0.35	0.15	2.5138822	111.0	161.29167	3.7916667	12.833333	0.0	14.373015	5.75	151.32957792282104
56	2.3483531	1.2728341	4.234632	0.2	187.83333	-0.004081653	0.105003715	2.1688416	0.012638357	0.30120483	0.65000004	0.05	0.38125002	0.25	2.4493322	131.0	178.625	3.4583333	9.208333	0.0	28.477102	4.8333335	147.77397537231445
57	2.4742157	1.114378	4.01	0.5263158	183.20833	-0.0039772876	0.11491243	2.2885115	0.016806778	0.26123595	0.6	0.0	0.315	0.15	2.4314034	125.0	170.20833	3.7083333	13.0	0.0	13.976022	5.625	148.73618149757385
58	3.2136624	0.8136334	4.2829823	1.7388889	159.83333	-0.013219364	0.14959294	2.3027155	0.02565821	0.2616822	0.6	0.05	0.35555553	0.3	2.3068132	113.0	147.41667	4.4583335	12.416667	0.0	11.381145	6.0833335	160.0845034122467
59	3.1389704	0.91892016	4.41554	0.89411765	173.0	-0.006928226	0.16486736	2.2548523	0.025694495	0.34851485	0.75	0.0	0.47000003	0.3	2.445591	107.0	160.16667	4.2083335	12.833333	0.0	13.918289	6.0	154.26936388015747
60	2.156575	1.1500963	4.121242	0.0	186.25	-0.01086361	0.112097226	2.0687106	0.00020017386	0.28269228	0.65000004	0.0	0.39444447	0.3	2.5690055	121.0	175.79167	3.25	10.458333	0.0	13.279048	5.5833335	153.19786286354065
61	2.2062519	1.1400872	4.1019607	0.0	198.16667	-0.008493346	0.12868448	2.1233947	0.009329937	0.30925927	0.55	0.1	0.40714288	0.15	2.4424481	94.0	187.54167	3.375	10.625	0.0	17.83698	5.9166665	150.33938002586365
62	0.6501128	0.5283442	1.7294117	0.0	200.0	-0.027327636	0.12510018	2.0390484	0.035219308	0.19428572	0.5	0.05	0.22142859	0.25	2.351546	114.0	197.04167	1.4583334	2.9583333	0.0	41.78472	2.2916667	113.96883201599121
63	0.8773026	0.9447275	3.8	0.0	198.95833	-0.024088612	0.11748799	2.0770047	0.05222395	0.23690476	0.5	0.05	0.38333336	0.25	2.4854386	96.0	195.79167	1.75	3.1666667	0.0	61.98755	2.4166667	125.88694715499878
64	1.2395512	0.9473903	3.897451	0.2	198.70833	-0.031072827	0.10561899	2.1232631	0.051718805	0.2254717	0.5	0.05	0.28000003	0.25	2.5305927	111.0	195.25	2.2083333	3.4583333	0.0	47.743057	3.0416667	131.12906527519226
65	0.8764127	0.76236874	2.8277779	0.0	200.0	-0.015337189	0.099909864	2.1919496	0.04629308	0.23205131	0.5	0.05	0.275	0.25	2.3186374	78.0	196.875	1.625	3.125	0.0	46.001617	2.4583333	117.7303454875946
66	1.1136096	0.90217954	3.9583194	0.0	200.0	-0.03633071	0.103315316	2.1217546	0.06395229	0.234	0.5	0.0	0.39166665	0.25	2.353793	107.0	195.29167	2.0833333	4.7083335	0.0	36.04856	3.4166667	127.56184029579163
67	1.2261467	0.9285839	4.068562	0.0	198.70833	-0.027991049	0.11723759	2.1415422	0.06016493	0.1861111	0.55	0.0	0.28750002	0.05	2.5597866	109.0	194.125	2.25	4.5833335	0.0	35.21933	3.25	131.1765193939209
68	1.7930084	1.2315938	4.153553	0.0	197.0	-0.018160084	0.086688705	2.0856988	0.052026283	0.24925372	0.6	0.0	0.34545457	0.3	2.6045809	78.0	189.08333	2.7916667	7.9166665	0.0	25.075302	4.4166665	138.93608021736145
69	2.3076093	1.0943183	4.26825	0.6	188.0	-0.009728084	0.12916382	2.0240824	0.042051166	0.3164706	0.65000004	0.05	0.43333337	0.2	2.3369107	92.0	175.66667	3.5416667	12.333333	0.0	13.954864	5.0	150.76007413864136
70	2.2742193	0.79908824	3.95	0.9714286	191.16667	-0.0039029776	0.105254136	1.9595472	0.03956339	0.28705883	0.6	0.0	0.4357143	0.2	2.5607085	116.0	176.625	3.5416667	14.541667	0.0	11.474136	4.75	150.7270965576172
71	2.5291598	0.98836434	3.988772	0.48	184.0	-0.0075462796	0.13554902	1.9263325	0.037238803	0.28055555	0.55	0.05	0.34375	0.4	2.1990616	117.0	162.91667	3.75	21.083334	0.0	10.885396	4.8333335	153.59009456634521
72	2.557875	0.92997533	4.333856	0.89411765	183.95833	-0.0002068483	0.120063536	1.7958331	0.024193533	0.31358695	0.65000004	0.0	0.41818187	0.3	2.1880205	117.0	165.45833	3.8333333	18.5	0.0	9.3846655	4.875	154.65495800971985
73	2.0419552	0.7408446	3.7686274	0.6	199.625	-0.013857084	0.09730569	1.8304096	0.014345993	0.2721519	0.65000004	0.0	0.4	0.35	2.4190187	84.0	183.33333	3.2916667	16.291666	0.0	11.992761	4.2083335	146.64552450180054
74	1.8276196	0.8132526	3.1164405	0.2	200.0	-0.02012105	0.10777244	1.8621488	0.01650808	0.3211268	0.6	0.05	0.39583334	0.25	2.482145	99.0	186.70833	2.9583333	13.291667	0.0	15.636394	3.9166667	145.14165878295898
75	1.7472287	0.8134611	3.7948718	0.0	196.75	-0.013574541	0.10692108	1.8372574	0.017273026	0.3402985	0.7	0.05	0.49166667	0.35	2.3142014	117.0	182.83333	2.7916667	13.916667	0.0	12.016926	3.875	131.62486028671265
76	1.9811562	0.80580145	3.8623228	0.6105263	194.41667	-0.019938396	0.100010015	1.8420153	0.022529593	0.30460525	0.55	0.05	0.4	0.25	2.3000183	117.0	175.75	3.1666667	18.666666	0.0	10.051324	4.1666665	135.87584972381592
77	1.7759857	0.7541508	3.9771945	0.5777778	199.45833	-0.024414882	0.115985595	1.8453102	0.02369454	0.27323946	0.6	0.05	0.37777779	0.25	2.3416097	117.0	182.04167	2.9583333	17.416666	0.0	14.203589	3.4583333	148.9227249622345
78	2.2592907	0.6443701	3.7076924	0.96	199.75	-0.007330219	0.11788147	1.708238	0.016349286	0.28470588	0.65000004	0.0	0.36363637	0.3	2.380732	133.0	173.66667	3.5416667	26.083334	0.0	6.8374825	4.5	148.13312244415283
79	2.321039	0.80034286	3.9942858	0.8842105	198.375	-0.015069398	0.12555803	1.6504525	0.016522555	0.29404762	0.75	0.0	0.43125	0.4	2.3111837	115.0	166.08333	3.5	32.291668	0.0	4.8011403	4.2916665	144.81519889831543
80	2.1808863	0.8483858	3.8707602	0.8888889	198.54167	-0.018764634	0.17520891	1.7602307	0.025824314	0.21219514	0.5	0.0	0.3416667	0.3	2.298243	117.0	160.29167	3.4166667	38.25	0.0	4.468698	4.5416665	146.5541272163391
81	2.4780948	0.76588714	4.1957145	0.84444445	195.41667	-0.0045830677	0.14932822	1.7050451	0.0029906493	0.30604395	0.6	0.05	0.38571426	0.25	2.2915282	117.0	166.79167	3.7916667	28.625	0.0	5.830417	4.5833335	153.18737173080444
82	2.2765787	0.76035166	3.9084034	0.84444445	199.79167	-0.009366029	0.13834994	1.6842216	0.008365785	0.30833334	0.6	0.05	0.40000004	0.3	2.2397466	117.0	170.54167	3.5	29.25	0.0	5.8315444	4.25	144.75063943862915
83	1.6931934	0.52433413	3.0470588	0.90666664	200.0	-0.016093051	0.12985778	1.6697563	0.0012473253	0.33235294	0.7	0.05	0.48333338	0.2	2.4752927	117.0	180.08333	2.8333333	19.916666	0.0	9.511597	3.8333333	139.29302835464478
84	1.7571093	0.59982425	2.831169	0.85714287	200.0	-0.02782295	0.13696916	1.7404574	0.0052962378	0.32676056	0.65000004	0.0	0.4125	0.4	2.2343955	115.0	181.91667	2.9583333	18.083334	0.0	10.117546	3.5833333	138.37161803245544
85	1.6047705	0.84507483	3.0332165	0.2	200.0	-0.021086862	0.12745392	1.7623671	0.011402	0.29776117	0.55	0.05	0.42	0.25	2.1612437	117.0	184.33333	2.7916667	15.666667	0.0	13.239635	3.5416667	137.01625871658325
86	1.6453446	0.7696072	2.9853997	0.2	200.0	-0.01768115	0.1298077	1.7561483	0.021326251	0.2552239	0.6	0.0	0.41428572	0.2	2.4698174	117.0	180.54167	2.7916667	19.458334	0.0	9.376904	3.4166667	130.66732454299927
87	1.6116862	0.73233604	2.7897437	0.2	200.0	-0.016815156	0.13201122	1.6534427	0.024050007	0.30367646	0.65000004	0.0	0.3875	0.25	2.3680584	99.0	180.70833	2.8333333	19.291666	0.0	9.446094	3.625	142.99339866638184
88	1.6539755	0.54620904	2.6	0.6	200.0	-0.020145545	0.1661158	1.6671572	0.02736702	0.24929579	0.55	0.0	0.3928571	0.4	2.3115358	117.0	179.875	2.9583333	20.125	0.0	10.1091385	3.625	142.91969442367554
89	1.6381937	0.6078973	2.7822223	0.2	200.0	-0.024448855	0.13691908	1.7929252	0.017763387	0.29924244	0.55	0.05	0.4	0.3	2.2996259	115.0	185.04167	2.75	14.958333	0.0	11.338295	3.2083333	137.98518443107605
90	1.1074599	0.65997654	2.5638094	0.0	200.0	-0.019801645	0.1436298	1.6995549	0.03912014	0.22058824	0.45000002	0.0	0.3166667	0.25	2.412269	117.0	190.79167	2.125	9.208333	0.0	13.02983	2.9583333	126.49262499809265
91	0.42991456	0.3889009	1.6222222	0.0	200.0	-0.02516752	0.1242488	1.6080059	0.050377745	0.20833333	0.45000002	0.05	0.32999998	0.25	2.3646579	116.0	197.625	1.0	2.375	0.0	29.912848	1.25	105.15369582176208
92	0.5082361	0.44095805	1.5333333	0.0	200.0	-0.028303524	0.11623598	1.50252	0.05321069	0.22884616	0.5	0.05	0.28333336	0.25	2.2788615	117.0	196.83333	1.0833334	3.1666667	0.0	22.225348	1.2916666	110.82945775985718
93	0.5708628	0.45327303	1.747451	0.0	200.0	-0.017051822	0.099909864	1.4889402	0.056294113	0.20322582	0.55	0.0	0.2625	0.3	2.2995815	131.0	196.625	1.2916666	3.375	0.0	23.523264	1.4583334	112.56091237068176
94	0.63386726	0.41302136	1.5333333	0.0	200.0	-0.019272521	0.11758814	1.390112	0.05896982	0.2903226	0.5	0.1	0.31666666	0.3	2.1312354	102.0	197.08333	1.2916666	2.9166667	0.0	24.641668	1.5	113.4262375831604
95	0.475387	0.33209682	1.147451	0.0	200.0	-0.021463895	0.09685496	1.2354835	0.068926595	0.17142856	0.4	0.0	0.24285713	0.35	2.4802518	99.0	197.58333	1.1666666	2.4166667	0.0	23.175001	1.1666666	112.99410033226013
96	0.67395973	0.46674064	1.5686275	0.0	200.0	-0.023302233	0.09329929	1.2674013	0.055328447	0.23108108	0.65000004	0.05	0.38333333	0.25	2.4899516	117.0	195.16667	1.5416666	4.8333335	0.0	22.56089	1.625	115.66193461418152
97	0.6245304	0.42561725	1.8888888	0.0	200.0	-0.0057650916	0.09395033	1.0729901	0.037917867	0.2671875	0.5	0.0	0.30714288	0.4	2.2082343	117.0	197.20833	1.3333334	2.7916667	0.0	18.68502	1.4166666	111.43854880332947
98	0.4800706	0.39587694	1.1970588	0.0	200.0	-0.006957604	0.07351763	0.9424758	0.05551837	0.23846152	0.65000004	0.05	0.3166667	0.2	2.51083	117.0	197.08333	1.0833334	2.9166667	0.0	17.241402	1.1666666	112.95796036720276
99	0.4310476	0.3681351	1.2349206	0.0	200.0	-0.0045060446	0.12610178	0.8459366	0.08201579	0.23541667	0.45000002	0.05	0.3125	0.15	2.5379443	117.0	198.0	1.0	2.0	0.0	17.750198	1.0416666	109.07224631309509
100	0.62801063	0.52068734	1.9552941	0.0	200.0	-0.01840117	0.085887425	0.8169501	0.07792535	0.2439394	0.55	0.0	0.33333334	0.3	2.330526	102.0	196.54167	1.375	3.4583333	0.0	25.814682	1.4583334	126.50463581085205
101	0.43542656	0.6466633	1.9611111	0.0	200.0	-0.023010796	0.090344556	0.69168735	0.06590449	0.24500003	0.45000002	0.0	0.275	0.3	2.310592	114.0	197.33333	0.7916667	2.6666667	0.0	32.913372	1.1666666	91.31858110427856
102	0.43481195	0.55319846	1.827451	0.0	200.0	-0.024782931	0.08288261	0.7189978	0.064486854	0.16666667	0.3	0.0	0.15	0.35	2.282186	98.0	197.625	0.8333333	2.375	0.0	21.771463	1.125	97.37210583686829
103	0.19023149	0.31240028	1.21	0.0	200.0	-0.006604112	0.10086139	0.81902486	0.087064266	0.15384616	0.25	0.0	0.14999999	0.35	2.441061	118.0	198.08333	0.5	1.9166666	0.0	10.063393	1.0416666	91.1161687374115
104	0.15438353	0.2670429	0.8888889	0.0	200.0	-0.028795863	0.095552884	0.82661957	0.06837074	0.1	0.25	0.0	0.125	0.15	2.4407382	102.0	198.5	0.41666666	1.5	0.0	16.003471	1.0	91.12143421173096
105	0.42033586	0.4575997	1.1763158	0.0	200.0	-0.018014057	0.091646634	1.0718533	0.07844981	0.18863636	0.35	0.0	0.225	0.35	2.1135602	118.0	195.58333	0.875	4.4166665	0.0	24.231369	1.2916666	98.79667663574219
106	0.23770712	0.3244993	0.96	0.0	200.0	-0.006184123	0.1086238	1.0713595	0.062213052	0.11176471	0.25	0.0	0.125	0.15	2.4432065	102.0	196.125	0.6666667	3.875	0.0	24.916346	1.3333334	88.66188716888428
107	0.008333334	0.03996526	0.2	0.0	200.0	-0.012690733	0.14197718	1.0388008	0.055628356	0.1	0.2	0.0	0.1	0.35	2.4323745	115.0	197.25	0.041666668	2.75	0.0	23.36875	1.2083334	78.4027533531189
108	0.035416666	0.10254995	0.45	0.0	200.0	-0.024248386	0.07461939	0.86253375	0.019447878	0.18333334	0.25	0.15	0.2	0.3	2.2937436	102.0	196.45833	0.125	3.5416667	0.0	23.361807	1.4583334	83.59225487709045
109	0.103118904	0.240161	0.96842104	0.0	200.0	-0.016230082	0.066756815	0.62929237	-0.004336642	0.13571429	0.35	0.0	0.175	0.25	2.2071455	117.0	197.33333	0.25	2.6666667	0.0	23.922173	1.0416666	81.95343542098999
110	0.09498051	0.23730516	0.93333334	0.0	200.0	-0.028354557	0.06465345	0.486776	0.009364463	0.21	0.3	0.1	0.23333335	0.35	2.2404807	123.0	187.70833	0.20833333	12.291667	0.0	17.366865	2.2083333	76.57640814781189
111	0.08284313	0.17819804	0.58823526	0.0	200.0	-0.048232555	0.15219352	0.6577761	0.04064339	0.10833333	0.35	0.0	0.125	0.15	2.585915	121.0	159.20833	0.20833333	40.791668	0.0	4.008257	3.0833333	81.05547547340393
112	0.018627452	0.089334115	0.44705883	0.0	200.0	-0.013834837	0.058693916	0.33423886	0.0072133616	0.1	0.2	0.0	0.1	0.3	2.2783809	114.0	188.91667	0.041666668	11.083333	0.0	18.071321	1.6666666	77.20056056976318
113	0.04054581	0.13447693	0.4888889	0.0	200.0	-0.003828217	0.032151442	0.22254963	-0.00056115753	0.116666675	0.2	0.0	0.116666675	0.25	2.3657584	111.0	195.5	0.083333336	4.5	0.0	22.356268	1.2916666	75.30872964859009
114	0.008333334	0.03996526	0.2	0.0	200.0	-0.020201745	0.02564103	0.21537226	0.0026115552	0.05	0.1	0.0	0.05	0.4	2.306626	98.0	196.20833	0.041666668	3.7916667	0.0	28.722519	1.1666666	79.87286400794983
115	0.026470589	0.12694848	0.63529414	0.0	200.0	-0.020384902	0.037009213	0.27539757	0.00471386	0.2	0.4	0.0	0.2	0.3	2.391073	120.0	193.20833	0.041666668	6.7916665	0.0	17.39971	1.5416666	79.34110569953918
116	0.33694646	0.45493573	1.6105263	0.0	200.0	-0.03042982	0.07196514	0.48229817	0.009164288	0.16470589	0.35	0.0	0.16666667	0.15	2.4525383	96.0	185.25	0.6666667	14.75	0.0	14.556415	1.5416666	83.06442475318909
117	0.13470934	0.19533229	0.53333336	0.0	200.0	0.009851417	0.053235177	0.5608182	0.014118351	0.135	0.25	0.0	0.125	0.35	2.410794	98.0	197.58333	0.375	2.4166667	0.0	17.537617	1.125	84.65170407295227
118	0.24012385	0.40114817	1.8141177	0.0	200.0	-0.0101786805	0.09114584	0.9483587	0.04187103	0.15416665	0.25	0.0	0.1375	0.25	2.3950446	96.0	198.45833	0.45833334	1.5416666	0.0	14.146527	0.9583333	88.6993396282196
119	0.15266083	0.24244614	0.84210527	0.0	200.0	-0.02088078	0.09099559	1.1359304	0.05107711	0.105000004	0.25	0.0	0.1	0.3	2.5776877	94.0	197.66667	0.375	2.3333333	0.0	15.726687	0.9583333	84.45237421989441
120	0.51900643	0.72150403	2.7508771	0.0	200.0	-0.019315884	0.10697115	1.1262273	0.04909736	0.18124999	0.4	0.0	0.22500001	0.3	2.211361	105.0	196.25	0.9583333	3.75	0.0	22.401487	1.5833334	87.19718813896179
121	0.1766476	0.2850229	0.9777778	0.0	200.0	-0.020517439	0.15885417	1.3541075	0.08254401	0.22	0.4	0.1	0.26666668	0.2	2.3667798	105.0	185.875	0.41666666	14.125	0.0	14.03892	2.5416667	78.01277112960815
122	0.23444562	0.395002	1.2888889	0.0	200.0	-0.0415358	0.1789363	1.4232374	0.060916286	0.22083335	0.45000002	0.1	0.25	0.4	2.2922375	114.0	179.66667	0.5	20.333334	0.0	10.523046	2.6666667	85.99692940711975
123	0.71849674	0.6930859	1.8300654	0.0	200.0	-0.03504866	0.15369593	1.3243972	0.03186192	0.21571429	0.45000002	0.05	0.36	0.3	2.2731347	101.0	180.04167	1.4583334	19.958334	0.0	9.800522	3.0	94.93208026885986
124	0.87981224	0.90937173	2.627451	0.0	200.0	-0.032080486	0.22581132	1.2552725	0.0521939	0.15853658	0.3	0.0	0.17222221	0.25	2.328404	103.0	150.95833	1.7083334	49.041668	0.0	5.5996003	3.75	106.78098106384277
125	0.984369	0.8039471	2.0460317	0.0	200.0	-0.017922493	0.19235778	1.3012849	0.0571301	0.21585366	0.45000002	0.0	0.27222222	0.45000002	2.1460094	92.0	168.125	1.7083334	31.875	0.0	8.150792	3.5	102.65316247940063
126	0.018627452	0.089334115	0.44705883	0.0	200.0	-0.026354691	0.119190715	1.2907176	0.062495265	0.1	0.2	0.0	0.1	0.2	2.3605573	114.0	195.29167	0.041666668	4.7083335	0.0	25.970634	1.75	87.6869683265686
127	0.45582867	0.45447946	1.7441176	0.0	200.0	-0.0318979	0.13080929	1.3757782	0.035365596	0.20416665	0.55	0.0	0.25	0.4	2.1381686	88.0	188.04167	1.0	11.958333	0.0	16.432833	2.7916667	100.0411376953125
128	0.68374854	0.6317864	2.4	0.0	200.0	-0.03198218	0.16816908	1.4280998	0.04325281	0.2485714	0.5	0.1	0.32000002	0.4	2.1277044	99.0	174.45833	1.4583334	25.541666	0.0	6.907945	3.5833333	101.50581669807434
129	0.79170114	0.6125523	2.3	0.0	200.0	-0.034235705	0.18825121	1.5784565	0.044994812	0.2109756	0.6	0.05	0.32857147	0.45000002	2.2223067	103.0	171.875	1.7083334	28.125	0.0	6.2312703	3.5	102.51025485992432
130	0.68816376	0.4698684	1.5333333	0.0	200.0	-0.033611596	0.14087541	1.5231495	0.025575137	0.18749999	0.45000002	0.05	0.26111114	0.4	2.341267	90.0	182.04167	1.5	17.958334	0.0	9.936623	3.2083333	104.65615487098694
131	0.56425565	0.4530302	1.5333333	0.0	200.0	-0.02624377	0.12835537	1.3430408	0.016500132	0.16166666	0.25	0.05	0.1875	0.35	2.158104	109.0	188.5	1.25	11.5	0.0	13.288577	3.0833333	98.35476613044739
132	0.3484811	0.49464378	2.0455556	0.0	200.0	-0.01892803	0.082131416	1.1893226	0.013380694	0.2	0.45000002	0.05	0.28000003	0.35	2.2782843	103.0	188.29167	0.8333333	11.708333	0.0	15.599435	2.7916667	106.19019317626953
133	0.42387056	0.52319086	1.8352941	0.0	200.0	-0.020721722	0.08578726	1.2005798	-0.0004440149	0.2195652	0.4	0.05	0.26000002	0.3	2.157235	103.0	187.83333	0.9583333	12.166667	0.0	16.284317	2.7083333	98.1929235458374
134	0.17961873	0.23676902	0.6666667	0.0	200.0	-0.016646227	0.05523838	0.60725045	0.0011255088	0.23499998	0.4	0.1	0.22999999	0.4	2.1203277	111.0	192.95833	0.41666666	7.0416665	0.0	15.69209	2.2083333	89.62672710418701
135	0.1486842	0.20338303	0.56	0.0	200.0	-0.016689388	0.059895832	0.86140317	0.0065542944	0.125	0.2	0.05	0.14999999	0.3	2.2612438	107.0	192.45833	0.41666666	7.5416665	0.0	17.673994	2.3333333	90.16329979896545
136	0.29885706	0.3117432	1.1111112	0.0	200.0	-0.024895877	0.0758714	0.7500341	0.009374008	0.196875	0.45000002	0.0	0.26250002	0.25	2.3537922	109.0	188.04167	0.6666667	11.958333	0.0	12.731921	2.5833333	88.38555598258972
137	0.30722567	0.3692243	1.1670588	0.0	200.0	-0.018943818	0.06580529	0.7078385	0.010577737	0.15882353	0.35	0.0	0.23333335	0.3	2.3311048	99.0	187.66667	0.7083333	12.333333	0.0	14.519946	2.6666667	93.90693736076355
138	0.72624546	0.6419388	1.91	0.0	200.0	-0.022660365	0.09875801	0.9164576	0.016833516	0.25142857	0.5	0.0	0.35833335	0.4	2.2825813	105.0	177.79167	1.4583334	22.208334	0.0	7.378141	3.5416667	104.55717539787292
139	0.5325468	0.533025	1.912605	0.0	200.0	-0.026528424	0.1096254	0.8924447	0.028746858	0.24615385	0.55	0.05	0.30625	0.35	2.1390705	85.0	176.70833	1.0833334	23.291666	0.0	7.5898495	3.0	97.49909615516663
140	0.89964986	0.6390187	2.6300654	0.2	200.0	-0.025253057	0.12640224	0.9683084	0.037441377	0.222093	0.5	0.05	0.37	0.15	2.3271427	105.0	170.41667	1.7916666	29.583334	0.0	5.6410613	3.3333333	101.44261837005615
141	0.8168464	0.5863618	1.8142858	0.0	200.0	-0.03708322	0.19996995	1.1025944	0.06945117	0.27	0.45000002	0.05	0.32500002	0.4	2.0923324	105.0	151.83333	1.6666666	48.166668	0.0	3.2567856	3.5416667	107.89925980567932
142	0.61704636	0.65447795	2.6388888	0.0	200.0	-0.05989495	0.2938201	1.1715851	0.06293105	0.225	0.4	0.0	0.29999998	0.25	2.169033	109.0	129.20833	1.3333334	70.791664	0.0	1.8674864	3.2083333	97.53912782669067
143	0.5041019	0.45640403	1.6970588	0.0	200.0	-0.09068433	0.45272437	1.314407	0.052888364	0.18333331	0.4	0.05	0.26	0.4	2.2446342	107.0	111.25	1.25	88.75	0.0	1.2674509	3.6666667	104.14345693588257
144	0.36050293	0.33567017	1.1688889	0.0	200.0	-0.11237466	0.5428686	1.4129184	0.06814604	0.2375	0.5	0.1	0.275	0.2	2.2841697	109.0	101.25	0.8333333	98.75	0.0	1.0451357	4.0	101.65943908691406
145	0.13547516	0.19718315	0.56842107	0.0	200.0	-0.14092778	0.685046	1.3819464	0.103475094	0.19444446	0.3	0.05	0.18	0.4	2.1434286	109.0	91.125	0.375	108.875	0.0	0.83929044	3.9583333	93.02747774124146
146	0.052254904	0.1489153	0.56	0.0	200.0	-0.14234763	0.6945613	1.3743335	0.120820284	0.175	0.25	0.0	0.125	0.15	2.2231243	111.0	89.291664	0.125	110.708336	0.0	0.7992146	3.2083333	80.66571736335754
147	0.0	0.0	0.0	0.0	200.0	-0.14743577	0.6038161	1.4605662	0.17735173	0.0	0.0	0.0	0.0	0.4	2.2610385	111.0	87.333336	0.0	112.666664	0.0	0.7727249	2.9166667	78.44440937042236
148	0.0	0.0	0.0	0.0	200.0	-0.16333866	0.65094155	1.538757	0.2580986	0.0	0.0	0.0	0.0	0.35	2.1655018	111.0	83.875	0.0	116.125	0.0	0.71509916	3.2916667	81.6717164516449
149	0.0	0.0	0.0	0.0	200.0	-0.16851567	0.75475764	1.548225	0.32249123	0.0	0.0	0.0	0.0	0.35	2.2060266	111.0	87.208336	0.0	112.791664	0.0	0.7660132	2.7083333	85.44137811660767
150	0.0	0.0	0.0	0.0	200.0	-0.1717502	0.7548078	1.6057144	0.32859457	0.0	0.0	0.0	0.0	0.25	2.4176285	111.0	84.5	0.0	115.5	0.0	0.7283621	2.75	87.55916714668274
151	0.025	0.06614378	0.2	0.0	200.0	-0.14022915	0.68083936	1.4332649	0.17716813	0.05	0.1	0.0	0.05	0.25	2.2486186	109.0	96.791664	0.125	103.208336	0.0	0.96800137	2.125	89.6993625164032
152	0.02738095	0.09810419	0.45714283	0.0	200.0	-0.06813347	0.2819511	0.7382774	0.06040436	0.225	0.35	0.1	0.225	0.35	2.1274517	109.0	147.58333	0.083333336	52.416668	0.0	2.706629	2.5833333	85.57684874534607
153	0.02037037	0.09769286	0.4888889	0.0	200.0	-0.06358692	0.16185898	0.4432117	0.05760956	0.1	0.2	0.0	0.1	0.35	2.0162177	109.0	173.54167	0.041666668	26.458334	0.0	10.172832	2.0833333	81.22763919830322
154	0.08702615	0.16842037	0.5411765	0.0	200.0	-0.113660775	0.52619195	1.1378888	0.18499725	0.2	0.3	0.1	0.22500001	0.4	2.0822804	105.0	127.083336	0.25	72.916664	0.0	2.6667316	2.0833333	89.36492967605591
155	0.18810916	0.21772161	0.6	0.0	200.0	-0.13458753	0.7311699	1.3488976	0.26240185	0.14615384	0.25	0.0	0.1375	0.4	2.2508192	105.0	93.541664	0.5	106.458336	0.0	0.8769102	2.4166667	94.72558617591858
156	0.19146371	0.22968076	0.64	0.0	200.0	-0.13065009	0.70177287	1.4276189	0.18185121	0.14583333	0.3	0.0	0.1375	0.4	2.080142	105.0	90.0	0.45833334	110.0	0.0	0.81573516	2.125	94.96585631370544
157	0.19333333	0.22470061	0.56842107	0.0	200.0	-0.12361193	0.6775341	1.4251938	0.15253167	0.11923076	0.25	0.0	0.1	0.25	2.3477817	105.0	83.083336	0.5	116.916664	0.0	0.7082482	2.2083333	90.71669387817383
158	0.21634674	0.24938029	0.68	0.0	200.0	-0.12923943	0.73312306	1.4743768	0.22069947	0.16153847	0.35	0.0	0.22	0.3	2.3331578	105.0	86.625	0.5	113.375	0.0	0.76083785	2.5833333	96.20125484466553
159	0.22690159	0.27823848	1.0970588	0.0	200.0	-0.11961021	0.65034056	1.4451098	0.17243378	0.12499999	0.25	0.0	0.14999999	0.4	2.34134	90.0	91.125	0.5416667	108.875	0.0	0.8344534	2.0416667	95.34158563613892
160	0.2159179	0.2552784	0.84705883	0.0	200.0	-0.092689894	0.47375807	1.1402563	0.054548696	0.15357144	0.35	0.0	0.175	0.25	2.190621	105.0	112.291664	0.5416667	87.708336	0.0	1.3117975	1.8333334	97.91523933410645
161	0.19053607	0.23120095	0.84210527	0.0	200.0	-0.068749614	0.26181892	0.69460946	0.031044172	0.057142865	0.15	0.0	0.075	0.15	2.5276332	88.0	151.29167	0.5416667	48.708332	0.0	3.5174448	1.7083334	93.82320833206177
162	0.11868421	0.18194681	0.48421052	0.0	200.0	-0.002681793	0.03590745	0.11956638	0.014915523	0.055555556	0.15	0.0	0.075	0.3	2.4294944	103.0	193.625	0.33333334	6.375	0.0	14.611728	1.125	90.67724871635437
163	0.10797443	0.19465482	0.53333336	0.0	200.0	-0.008474725	0.016676685	0.06189646	0.0016624943	0.12857144	0.25	0.0	0.120000005	0.25	2.5030103	103.0	196.75	0.25	3.25	0.0	13.938502	1.125	89.06491374969482
164	0.0888029	0.1421646	0.48421052	0.0	200.0	-0.0052018543	0.0059094555	0.03464591	0.0007040728	0.072222225	0.2	0.0	0.1	0.45000002	2.265161	101.0	198.29167	0.33333334	1.7083334	0.0	16.297222	0.9166667	97.8622579574585
165	0.075536065	0.15051255	0.56842107	0.0	200.0	0.0035664428	0.006260017	0.034037072	0.00096001447	0.092857145	0.25	0.0	0.11	0.35	2.262881	101.0	198.41667	0.25	1.5833334	0.0	9.890873	0.875	87.19076490402222
166	0.097300194	0.1817513	0.5263158	0.0	200.0	0.0021289405	0.008513623	0.056186873	0.0023862533	0.092857145	0.2	0.0	0.083333336	0.35	2.247745	101.0	198.125	0.25	1.875	0.0	16.431944	0.8333333	89.81198072433472
167	0.15230994	0.34724468	1.5333333	0.0	200.0	-0.00075972296	0.025540866	0.100325406	0.003165019	0.1	0.25	0.0	0.1	0.2	2.4210582	101.0	194.91667	0.41666666	5.0833335	0.0	16.49376	1.4166666	91.34862732887268
168	0.21290447	0.2748064	0.9263158	0.0	200.0	-0.03138114	0.07151443	0.22955792	0.030071571	0.12916668	0.25	0.0	0.14	0.45000002	2.2168403	101.0	185.95833	0.45833334	14.041667	0.0	19.302557	1.375	93.27013611793518
169	0.04054581	0.13447692	0.4888889	0.0	200.0	-0.08523091	0.44706532	0.68324137	0.2129715	0.116666675	0.2	0.0	0.1	0.35	2.2321312	101.0	137.16667	0.083333336	62.833332	0.0	4.051415	1.6666666	90.61835598945618
170	0.089009285	0.1534379	0.44705883	0.0	200.0	-0.09192299	0.6172376	0.8402961	0.40726474	0.09375	0.2	0.0	0.087500006	0.35	2.2356918	105.0	88.291664	0.29166666	111.708336	0.0	0.7895195	1.7083334	89.21817660331726
171	0.13563353	0.21635371	0.68	0.0	200.0	-0.07006195	0.5307993	0.77485865	0.31236672	0.14444444	0.35	0.0	0.18333334	0.25	2.4072428	105.0	82.625	0.33333334	117.375	0.0	0.7009072	1.4166666	95.73295187950134
172	0.05666667	0.1390044	0.48	0.0	200.0	-0.08768626	0.5766226	0.93610483	0.4421717	0.05	0.1	0.0	0.05	0.3	2.4467845	105.0	88.458336	0.16666667	111.541664	0.0	0.789851	1.7916666	93.50446081161499
173	0.12807189	0.20728315	0.53333336	0.0	200.0	-0.07675625	0.54482174	0.75070906	0.28010023	0.1375	0.25	0.0	0.15	0.25	2.375008	105.0	83.916664	0.29166666	116.083336	0.0	0.71881217	1.5	95.93503379821777
174	0.1441618	0.1698344	0.53333336	0.0	200.0	-0.070695065	0.43629813	0.53966707	0.16934799	0.08076923	0.25	0.0	0.11666667	0.25	2.52093	105.0	83.333336	0.5	116.666664	0.0	0.7083337	1.5	93.88636636734009
175	0.17738791	0.22334494	0.56	0.0	200.0	-0.070872106	0.4632913	0.6241078	0.19149017	0.1	0.2	0.0	0.1	0.3	2.4164577	105.0	85.083336	0.41666666	114.916664	0.0	0.7356641	1.5416666	96.92427706718445
176	0.16625904	0.21201184	0.69473684	0.0	200.0	-0.063141994	0.42538062	0.63281256	0.20968302	0.09166666	0.4	0.0	0.2	0.4	2.445846	103.0	84.25	0.45833334	115.75	0.0	0.7243139	1.7083334	94.16917014122009
177	0.15360624	0.2106647	0.52	0.0	200.0	-0.06933347	0.4978466	0.76953954	0.27447078	0.089999996	0.15	0.0	0.06666667	0.3	2.217877	105.0	86.458336	0.375	113.541664	0.0	0.75579745	1.7083334	89.26800799369812
178	0.16062379	0.19864681	0.5263158	0.0	200.0	-0.06880566	0.46063706	0.7142835	0.2601016	0.087500006	0.2	0.0	0.116666675	0.3	2.3951497	105.0	81.5	0.45833334	118.5	0.0	0.68242055	1.8333334	88.37236189842224
179	0.15818255	0.18651184	0.5411765	0.0	200.0	-0.06376869	0.46153846	0.6902682	0.23052995	0.080769226	0.3	0.0	0.16666667	0.2	2.598049	105.0	80.625	0.5	119.375	0.0	0.67201144	1.625	92.70753145217896
180	0.16772904	0.21120179	0.6105263	0.0	200.0	-0.06347655	0.46960136	0.7731362	0.2943612	0.10416668	0.3	0.0	0.15	0.2	2.7035606	105.0	81.958336	0.45833334	118.041664	0.0	0.69322413	1.875	93.62306499481201
181	0.06400929	0.13863572	0.49411765	0.0	200.0	-0.07222899	0.47245595	0.8886505	0.32064322	0.09166667	0.25	0.0	0.125	0.35	2.5022519	101.0	103.333336	0.20833333	96.666664	0.0	1.0796577	1.4166666	88.39275646209717
182	0.02	0.09591663	0.48	0.0	200.0	-0.07325003	0.58683896	0.8981101	0.43676147	0.05	0.1	0.0	0.05	0.4	2.180337	114.0	102.541664	0.041666668	97.458336	0.0	1.0592966	2.125	80.39823770523071
183	0.0	0.0	0.0	0.0	200.0	-0.08912543	0.6552484	0.9858158	0.45878458	0.0	0.0	0.0	0.0	0.35	2.3484693	114.0	79.166664	0.0	120.833336	0.0	0.65228635	1.9583334	81.49495220184326
184	0.0	0.0	0.0	0.0	200.0	-0.09012375	0.36939105	0.32398728	0.13146017	0.0	0.0	0.0	0.0	0.35	2.494698	114.0	76.166664	0.0	123.833336	0.0	0.6118621	1.4166666	87.73431992530823
185	0.0	0.0	0.0	0.0	200.0	-0.12137586	0.5500801	0.64829963	-0.018709054	0.0	0.0	0.0	0.0	0.3	2.395758	114.0	76.041664	0.0	123.958336	0.0	0.6067479	2.4166667	81.07241034507751
186	0.0	0.0	0.0	0.0	200.0	-0.1002023	0.4053986	0.5731446	0.018156394	0.0	0.0	0.0	0.0	0.15	2.604923	114.0	76.208336	0.0	123.791664	0.0	0.61193293	2.75	81.20392632484436
187	0.0	0.0	0.0	0.0	200.0	-0.082358204	0.26151845	0.5665589	0.1552938	0.0	0.0	0.0	0.0	0.35	2.4339097	114.0	73.625	0.0	126.375	0.0	0.5802656	1.75	78.89539456367493
188	0.0	0.0	0.0	0.0	200.0	-0.10917893	0.31795874	0.5537202	0.112780094	0.0	0.0	0.0	0.0	0.4	2.4502485	114.0	72.916664	0.0	127.083336	0.0	0.5736545	1.2916666	85.52911806106567
189	0.0	0.0	0.0	0.0	200.0	-0.026844895	0.07116387	0.15319353	0.04843757	0.0	0.0	0.0	0.0	0.15	2.4694343	114.0	67.0	0.0	133.0	0.0	0.5016815	1.5416666	84.03509330749512
190	0.0	0.0	0.0	0.0	200.0	-0.02594406	0.004256811	0.015582383	-0.0030570934	0.0	0.0	0.0	0.0	0.35	2.4619946	114.0	66.916664	0.0	133.08333	0.0	0.49907184	1.3333334	83.53751015663147
191	0.0	0.0	0.0	0.0	200.0	-0.028234592	0.0030548882	0.011600558	-0.0014721304	0.0	0.0	0.0	0.0	0.2	2.5633116	114.0	66.541664	0.0	133.45833	0.0	0.49519303	1.4166666	81.65887999534607
192	0.0	0.0	0.0	0.0	200.0	-0.031529877	0.001552484	0.007194104	-0.00057031884	0.0	0.0	0.0	0.0	0.25	2.4231293	114.0	66.75	0.0	133.25	0.0	0.49656788	1.3333334	80.23608040809631
193	0.0	0.0	0.0	0.0	200.0	-0.034268778	0.0014523239	0.006949415	-0.00052963867	0.0	0.0	0.0	0.0	0.15	2.4952486	114.0	66.583336	0.0	133.41667	0.0	0.49628064	1.2916666	91.2776186466217
194	0.0	0.0	0.0	0.0	200.0	-0.02938655	0.001502404	0.0073271855	0.0006754485	0.0	0.0	0.0	0.0	0.15	2.4643965	114.0	66.583336	0.0	133.41667	0.0	0.49720383	1.25	88.70349431037903
195	0.0	0.0	0.0	0.0	200.0	-0.04332987	0.029046476	0.03912927	0.03997198	0.0	0.0	0.0	0.0	0.35	2.3540215	114.0	66.75	0.0	133.25	0.0	0.49625933	1.4583334	83.69370913505554
196	0.0	0.0	0.0	0.0	200.0	-0.0026774106	0.34665465	0.25227025	0.65399843	0.0	0.0	0.0	0.0	0.25	2.3678489	114.0	90.833336	0.0	109.166664	0.0	0.8374675	1.9166666	85.04260563850403
197	0.0	0.0	0.0	0.0	200.0	-0.063622095	0.394982	0.56187063	0.12754636	0.0	0.0	0.0	0.0	0.3	2.2733142	114.0	89.708336	0.0	110.291664	0.0	0.8304159	1.5	85.90141797065735
198	0.0	0.0	0.0	0.0	200.0	-0.05317691	0.32732373	0.5666491	0.12072732	0.0	0.0	0.0	0.0	0.2	2.5502021	114.0	99.75	0.0	100.25	0.0	0.9883437	1.4583334	85.88568687438965
199	0.0	0.0	0.0	0.0	200.0	-0.05232693	0.3129507	0.6379767	0.18792312	0.0	0.0	0.0	0.0	0.35	2.4346757	114.0	105.958336	0.0	94.041664	0.0	1.1237949	1.5	82.11573672294617
200	0.0	0.0	0.0	0.0	200.0	-0.06563707	0.31660658	0.45670286	0.146527	0.0	0.0	0.0	0.0	0.15	2.4496918	114.0	99.0	0.0	101.0	0.0	0.9821675	1.5833334	82.32041478157043
201	0.0	0.0	0.0	0.0	200.0	-0.05915318	0.29271838	0.56253654	0.18345802	0.0	0.0	0.0	0.0	0.35	2.4304702	114.0	86.041664	0.0	113.958336	0.0	0.76393205	1.7916666	81.76486277580261
202	0.0	0.0	0.0	0.0	200.0	-0.048835263	0.2389323	0.40844202	0.10689426	0.0	0.0	0.0	0.0	0.3	2.4127872	114.0	102.375	0.0	97.625	0.0	1.044439	1.2083334	78.0926902294159
203	0.0	0.0	0.0	0.0	200.0	-0.06749734	0.3400441	0.4331584	0.16736524	0.0	0.0	0.0	0.0	0.3	2.429399	114.0	91.708336	0.0	108.291664	0.0	0.85250044	1.375	79.3600401878357
204	0.0	0.0	0.0	0.0	200.0	-0.007342757	0.14067508	0.26013196	0.046967447	0.0	0.0	0.0	0.0	0.15	2.4597168	114.0	78.458336	0.0	121.541664	0.0	0.64174324	1.1666666	81.52974367141724
205	0.0	0.0	0.0	0.0	200.0	-0.04139925	0.34695515	0.698925	0.2464447	0.0	0.0	0.0	0.0	0.3	2.3138218	114.0	89.625	0.0	110.375	0.0	0.80811757	1.5	78.0043876171112
206	0.0	0.0	0.0	0.0	200.0	-0.018258318	0.24959938	0.46666107	0.107338846	0.0	0.0	0.0	0.0	0.35	2.4590144	114.0	101.625	0.0	98.375	0.0	1.0311166	1.5833334	79.654292345047
207	0.0	0.0	0.0	0.0	200.0	-0.0032645091	0.14347957	0.28713644	0.03965931	0.0	0.0	0.0	0.0	0.3	2.409142	114.0	111.833336	0.0	88.166664	0.0	1.2587072	1.2083334	81.79171752929688
208	0.0	0.0	0.0	0.0	200.0	-0.022658775	0.20302485	0.42953646	0.066075824	0.0	0.0	0.0	0.0	0.35	2.3038933	114.0	114.0	0.0	86.0	0.0	1.3235197	1.4583334	81.43986201286316
209	0.0	0.0	0.0	0.0	200.0	-0.017931243	0.21138823	0.36195287	0.09712999	0.0	0.0	0.0	0.0	0.3	2.6274023	114.0	115.916664	0.0	84.083336	0.0	1.3680629	1.1666666	82.21480989456177
210	0.0	0.0	0.0	0.0	200.0	-0.050291028	0.27388823	0.5661609	0.07248914	0.0	0.0	0.0	0.0	0.25	2.3978386	114.0	103.833336	0.0	96.166664	0.0	1.0726062	1.3333334	83.58341884613037
211	0.0	0.0	0.0	0.0	200.0	-0.052211806	0.291216	0.6164393	0.15804307	0.0	0.0	0.0	0.0	0.2	2.3534029	114.0	101.083336	0.0	98.916664	0.0	1.0143491	1.4166666	83.31299901008606
212	0.0	0.0	0.0	0.0	200.0	0.007116809	0.22135417	0.45096216	0.11822462	0.0	0.0	0.0	0.0	0.35	2.433176	114.0	102.583336	0.0	97.416664	0.0	1.0446668	1.4583334	83.93149185180664
213	0.0	0.0	0.0	0.0	200.0	0.012631971	0.028395431	0.05361962	-0.028311258	0.0	0.0	0.0	0.0	0.2	2.6092806	114.0	103.541664	0.0	96.458336	0.0	1.0621449	1.375	79.70233154296875
214	0.0	0.0	0.0	0.0	200.0	0.010080304	0.05879407	0.06327572	-0.039517995	0.0	0.0	0.0	0.0	0.25	2.4239109	114.0	109.875	0.0	90.125	0.0	1.220818	1.2083334	80.25466251373291
215	0.0	0.0	0.0	0.0	200.0	0.013875544	0.014423077	0.03214178	-0.009042473	0.0	0.0	0.0	0.0	0.2	2.3456101	114.0	119.25	0.0	80.75	0.0	1.4654347	1.3333334	84.40677618980408
216	0.0	0.0	0.0	0.0	200.0	0.005458631	0.03125	0.0412358	-0.01581627	0.0	0.0	0.0	0.0	0.35	2.234329	114.0	127.875	0.0	72.125	0.0	1.767897	1.1666666	82.48257637023926
217	0.0	0.0	0.0	0.0	200.0	0.010950588	0.03791066	0.05986595	-0.0009822125	0.0	0.0	0.0	0.0	0.25	2.33012	114.0	137.66667	0.0	62.333332	0.0	2.1796358	1.375	85.43043231964111
218	0.0	0.0	0.0	0.0	200.0	-0.0193431	0.117838554	0.17751549	0.04334305	0.0	0.0	0.0	0.0	0.25	2.6231358	114.0	138.125	0.0	61.875	0.0	2.218435	1.625	87.64299416542053
219	0.0	0.0	0.0	0.0	200.0	-0.011558331	0.11443309	0.15704991	0.03933854	0.0	0.0	0.0	0.0	0.35	2.5044248	114.0	136.91667	0.0	63.083332	0.0	2.1433468	1.4583334	83.52690958976746
220	0.0	0.0	0.0	0.0	200.0	0.0035267966	0.069961935	0.11258378	0.022297783	0.0	0.0	0.0	0.0	0.4	2.4001894	114.0	145.83333	0.0	54.166668	0.0	2.6701908	1.2916666	82.06615042686462
221	0.0	0.0	0.0	0.0	200.0	-0.005000546	0.06415265	0.10342833	0.02804026	0.0	0.0	0.0	0.0	0.4	2.1783605	114.0	148.83333	0.0	51.166668	0.0	2.8689852	1.3333334	86.60463166236877
222	0.0	0.0	0.0	0.0	200.0	0.008703589	0.06815905	0.11077105	0.026915066	0.0	0.0	0.0	0.0	0.15	2.5137887	98.0	143.70833	0.0	56.291668	0.0	2.5295734	1.6666666	86.00116395950317
223	0.0	0.0	0.0	0.0	200.0	-0.022008061	0.10967549	0.3095912	0.04640585	0.0	0.0	0.0	0.0	0.25	2.2606056	114.0	128.25	0.0	71.75	0.0	1.8164549	2.5833333	85.39206790924072
224	0.0	0.0	0.0	0.0	200.0	-0.048576605	0.22325723	0.41462803	0.09045822	0.0	0.0	0.0	0.0	0.25	2.378381	114.0	112.875	0.0	87.125	0.0	1.322786	2.75	87.69004106521606
225	0.008333334	0.03996526	0.2	0.0	200.0	-0.08060027	0.43013826	0.5793322	0.18480225	0.1	0.2	0.0	0.1	0.4	2.3169994	114.0	51.041668	0.041666668	148.95833	0.0	0.3464109	2.8333333	88.94807767868042
226	0.0	0.0	0.0	0.0	200.0	-0.09248514	0.44901848	0.5022925	0.20166498	0.0	0.0	0.0	0.0	0.35	2.3525438	114.0	39.0	0.0	161.0	0.0	0.24252795	3.0	79.83394837379456
227	0.0	0.0	0.0	0.0	200.0	-0.09208334	0.44170675	0.49194765	0.20632131	0.0	0.0	0.0	0.0	0.2	2.3963106	114.0	42.375	0.0	157.625	0.0	0.26734748	2.8333333	81.59795832633972
228	0.0	0.0	0.0	0.0	200.0	-0.0927271	0.4525741	0.5048464	0.20962238	0.0	0.0	0.0	0.0	0.2	2.505041	114.0	43.083332	0.0	156.91667	0.0	0.27454838	2.7083333	74.00447869300842
229	0.0	0.0	0.0	0.0	200.0	-0.09179276	0.426232	0.54017895	0.20383619	0.0	0.0	0.0	0.0	0.4	2.2931054	114.0	49.166668	0.0	150.83333	0.0	0.32684925	2.75	74.58550667762756
230	0.0	0.0	0.0	0.0	200.0	-0.09299616	0.42272636	0.52486223	0.20194794	0.0	0.0	0.0	0.0	0.3	2.3580647	114.0	43.041668	0.0	156.95833	0.0	0.27381197	2.6666667	72.37358045578003
231	0.0	0.0	0.0	0.0	200.0	-0.09593413	0.4296875	0.5393166	0.1935931	0.0	0.0	0.0	0.0	0.25	2.444259	114.0	43.208332	0.0	156.79167	0.0	0.27419907	2.4583333	73.05538940429688
232	0.0	0.0	0.0	0.0	200.0	-0.09296751	0.44591346	0.6028709	0.19685316	0.0	0.0	0.0	0.0	0.25	2.4162297	114.0	48.208332	0.0	151.79167	0.0	0.31657633	2.9583333	73.8083553314209
233	0.0	0.0	0.0	0.0	200.0	-0.093381196	0.40449724	0.6517005	0.18895729	0.0	0.0	0.0	0.0	0.25	2.4858441	114.0	48.75	0.0	151.25	0.0	0.32150677	2.9166667	72.58446836471558
234	0.0	0.0	0.0	0.0	200.0	-0.094284035	0.39378008	0.6725902	0.17323196	0.0	0.0	0.0	0.0	0.25	2.3947148	114.0	47.791668	0.0	152.20833	0.0	0.31267405	3.0	71.99329805374146
235	0.0	0.0	0.0	0.0	200.0	-0.096389115	0.37339744	0.6797848	0.16398968	0.0	0.0	0.0	0.0	0.5	2.2248473	114.0	51.375	0.0	148.625	0.0	0.3442696	2.9166667	72.46012830734253
236	0.0	0.0	0.0	0.0	200.0	-0.0949015	0.42027244	0.7510891	0.18956931	0.0	0.0	0.0	0.0	0.3	2.3769403	114.0	60.0	0.0	140.0	0.0	0.42835262	2.7916667	72.49609375
237	0.0	0.0	0.0	0.0	200.0	-0.09147114	0.47345757	0.7204466	0.21461336	0.0	0.0	0.0	0.0	0.35	2.1972563	114.0	59.541668	0.0	140.45833	0.0	0.42182723	2.625	71.80351233482361
238	0.0	0.0	0.0	0.0	200.0	-0.097031094	0.4534255	0.73427176	0.21605946	0.0	0.0	0.0	0.0	0.15	2.4571776	114.0	56.708332	0.0	143.29167	0.0	0.39228463	2.5833333	73.96979904174805
239	0.0	0.0	0.0	0.0	200.0	-0.100186296	0.4987981	0.7376938	0.22069138	0.0	0.0	0.0	0.0	0.35	2.4389396	114.0	50.708332	0.0	149.29167	0.0	0.34015742	2.5416667	72.09564447402954
240	0.0	0.0	0.0	0.0	200.0	-0.100084595	0.5040064	0.7419055	0.2086677	0.0	0.0	0.0	0.0	0.25	2.3159313	114.0	49.375	0.0	150.625	0.0	0.32629773	2.6666667	74.43899440765381
241	0.0	0.0	0.0	0.0	200.0	-0.09935466	0.5147236	0.7464861	0.20205562	0.0	0.0	0.0	0.0	0.15	2.6991594	114.0	52.75	0.0	147.25	0.0	0.3583447	2.7083333	72.5626323223114
242	0.0	0.0	0.0	0.0	200.0	-0.10306823	0.5135217	0.72150517	0.21369755	0.0	0.0	0.0	0.0	0.25	2.5599027	114.0	44.791668	0.0	155.20833	0.0	0.28936204	2.3333333	73.65475177764893
243	0.0	0.0	0.0	0.0	200.0	-0.103013314	0.5207332	0.7421482	0.23045146	0.0	0.0	0.0	0.0	0.15	2.544777	114.0	40.083332	0.0	159.91667	0.0	0.2514911	2.5833333	73.0634183883667
244	0.0	0.0	0.0	0.0	200.0	-0.096333034	0.5300481	0.7934387	0.22138514	0.0	0.0	0.0	0.0	0.2	2.478716	114.0	46.375	0.0	153.625	0.0	0.30112818	2.625	72.94930124282837
245	0.0	0.0	0.0	0.0	200.0	-0.098522365	0.5329528	0.80790514	0.21484308	0.0	0.0	0.0	0.0	0.45000002	2.2346911	114.0	48.291668	0.0	151.70833	0.0	0.31779426	2.7083333	73.84929943084717
246	0.0	0.0	0.0	0.0	200.0	-0.093339466	0.48838142	0.8646725	0.20303862	0.0	0.0	0.0	0.0	0.25	2.5364656	114.0	58.5	0.0	141.5	0.0	0.4118431	2.6666667	73.21750545501709
247	0.0	0.0	0.0	0.0	200.0	-0.09243965	0.4504207	0.8774934	0.21628155	0.0	0.0	0.0	0.0	0.25	2.4088435	114.0	64.25	0.0	135.75	0.0	0.4737003	2.875	70.61133122444153
248	0.0	0.0	0.0	0.0	200.0	-0.091453016	0.42633215	0.8719086	0.20941512	0.0	0.0	0.0	0.0	0.25	2.5310564	114.0	61.375	0.0	138.625	0.0	0.44051862	3.0	71.50535416603088
249	0.0	0.0	0.0	0.0	200.0	-0.09778149	0.4703025	0.9074555	0.21483438	0.0	0.0	0.0	0.0	0.35	2.3942127	114.0	60.833332	0.0	139.16667	0.0	0.43751383	3.0	69.94973158836365
250	0.0	0.0	0.0	0.0	200.0	-0.09570724	0.4398538	0.93084073	0.20340027	0.0	0.0	0.0	0.0	0.2	2.630715	114.0	61.708332	0.0	138.29167	0.0	0.4431735	2.9583333	70.4988465309143
251	0.0	0.0	0.0	0.0	200.0	-0.09009842	0.41401243	0.9115999	0.18538849	0.0	0.0	0.0	0.0	0.35	2.223894	114.0	63.375	0.0	136.625	0.0	0.46420267	3.0833333	69.90387487411499
252	0.0	0.0	0.0	0.0	200.0	-0.08634306	0.41721758	0.91348505	0.19594991	0.0	0.0	0.0	0.0	0.25	2.4666018	114.0	70.0	0.0	130.0	0.0	0.53774166	3.0833333	69.44573521614075
253	0.0	0.0	0.0	0.0	200.0	-0.09064227	0.3733474	0.8227265	0.17807	0.0	0.0	0.0	0.0	0.3	2.5517416	114.0	67.375	0.0	132.625	0.0	0.50702596	3.0833333	69.09247064590454
254	0.0	0.0	0.0	0.0	200.0	-0.09254205	0.4098558	0.91150403	0.21560158	0.0	0.0	0.0	0.0	0.25	2.5369542	114.0	71.583336	0.0	128.41667	0.0	0.5535937	3.3333333	68.37149715423584
255	0.0	0.0	0.0	0.0	200.0	-0.08867353	0.4078025	0.9575326	0.19320028	0.0	0.0	0.0	0.0	0.2	2.4924657	114.0	79.541664	0.0	120.458336	0.0	0.65920186	3.625	70.16041088104248
256	0.021929825	0.105171755	0.5263158	0.0	200.0	-0.06970287	0.40229368	1.0188046	0.1745432	0.1	0.2	0.0	0.1	0.25	2.3281128	114.0	95.041664	0.041666668	104.958336	0.0	0.9059176	3.7083333	72.77234125137329
257	0.06465428	0.17277539	0.6105263	0.0	200.0	-0.049286384	0.41676685	1.0128981	0.17343031	0.1875	0.3	0.0	0.1875	0.25	2.4279344	114.0	98.833336	0.125	101.166664	0.0	0.97195226	3.625	75.04873704910278
258	0.018518519	0.088811696	0.44444445	0.0	200.0	-0.05002457	0.43134013	1.051665	0.17697352	0.075	0.15	0.0	0.075	0.3	2.3407884	114.0	110.833336	0.041666668	89.166664	0.0	1.2439297	3.7083333	71.0219030380249
259	0.06802832	0.24903403	1.2326797	0.0	200.0	-0.05545911	0.37219557	1.0441599	0.15040828	0.13000001	0.35	0.0	0.16666667	0.2	2.3716474	114.0	107.5	0.16666667	92.5	0.0	1.1499834	3.9166667	71.9593448638916
260	0.19055556	0.52451396	2.6088889	0.0	200.0	-0.048804652	0.3589243	0.9961694	0.13529676	0.07083333	0.2	0.0	0.116666675	0.25	2.474399	121.0	103.875	0.45833334	96.125	0.0	1.074034	3.7916667	76.48726630210876
261	0.5629452	0.69222534	1.8947369	0.0	200.0	-0.024994394	0.31029648	0.9645024	0.12566492	0.13518518	0.3	0.0	0.17500001	0.35	2.4127011	125.0	87.958336	1.0833334	112.041664	0.0	0.7822692	3.75	84.39122939109802
262	0.48129758	0.6745493	2.0415032	0.0	200.0	-0.015407366	0.19611378	0.92768747	0.09897888	0.15	0.35	0.0	0.17500001	0.4	2.332914	134.0	79.208336	0.9166667	120.791664	0.0	0.65437084	3.5833333	81.43851113319397
263	0.6648987	0.8033426	2.1363158	0.0	200.0	-0.0151250055	0.15489784	0.8962658	0.067072995	0.15517244	0.4	0.0	0.2	0.4	2.235205	134.0	69.625	1.1666666	130.375	0.0	0.53303164	3.7083333	84.4097592830658
264	0.49229702	0.56532794	1.7888889	0.0	200.0	-0.0020391927	0.13321315	0.89715725	0.051897403	0.10535715	0.3	0.0	0.16250001	0.35	2.2968297	134.0	63.416668	1.125	136.58333	0.0	0.46231547	3.7083333	84.89652681350708
265	0.60212475	0.758751	2.694737	0.0	200.0	-0.005298278	0.14633414	0.8800188	0.061802972	0.11166667	0.25	0.0	0.1375	0.2	2.5677876	132.0	61.541668	1.2083334	138.45833	0.0	0.4417722	3.9583333	88.26582312583923
266	0.123771936	0.23324281	0.9263158	0.0	200.0	-0.022702264	0.15494792	0.8277362	0.06441437	0.07777778	0.2	0.0	0.116666675	0.25	2.3482018	132.0	55.875	0.33333334	144.125	0.0	0.38671753	3.9166667	75.97534847259521
267	0.2143957	0.27912062	0.96842104	0.0	200.0	-0.041501135	0.19300883	0.73289967	0.04531319	0.096666664	0.25	0.0	0.125	0.2	2.5565422	132.0	48.958332	0.5833333	151.04167	0.0	0.3243142	3.5833333	78.23789501190186
268	0.17754386	0.2386927	0.8842105	0.0	200.0	-0.0201856	0.12184495	0.6531126	0.009137541	0.08846155	0.25	0.0	0.11	0.25	2.569811	134.0	33.75	0.5	166.25	0.0	0.20261599	3.2916667	80.08288383483887
269	0.26189086	0.32605892	1.1309942	0.0	200.0	-0.017560706	0.12044271	0.5983494	0.03703878	0.13333334	0.25	0.0	0.125	0.25	2.3730814	134.0	34.208332	0.5833333	165.79167	0.0	0.205689	3.1666667	76.68016314506531
270	0.19868422	0.2804941	0.8842105	0.0	200.0	0.0023919004	0.07532052	0.527016	0.03382166	0.073076926	0.15	0.0	0.083333336	0.15	2.5561185	132.0	28.083334	0.5	171.91667	0.0	0.1635812	2.9166667	80.99130439758301
271	0.2810819	0.38286301	1.1663158	0.0	200.0	-0.012075548	0.16235977	0.60674447	0.07606521	0.09411765	0.2	0.0	0.083333336	0.25	2.5209155	132.0	35.0	0.6666667	165.0	0.0	0.21289925	2.7083333	82.074392080307
272	0.4446331	0.4823422	1.4470588	0.0	200.0	-0.021027857	0.19671476	0.6944955	0.094881654	0.0923077	0.2	0.0	0.1	0.3	2.5160823	132.0	41.375	1.0416666	158.625	0.0	0.26133788	2.6666667	83.49829936027527
273	0.23950295	0.37185353	1.0821053	0.0	200.0	-0.014598445	0.24854769	0.64191073	0.10490347	0.083333336	0.25	0.0	0.11666667	0.35	2.4645603	132.0	49.083332	0.5833333	150.91667	0.0	0.3239759	2.9583333	78.22804307937622
274	0.28162768	0.38144976	1.2577778	0.0	200.0	-0.02032093	0.1673177	0.60795766	0.058431435	0.12666668	0.3	0.0	0.13333334	0.35	2.4611056	134.0	61.583332	0.5833333	138.41667	0.0	0.44528663	2.875	80.01008653640747
275	0.008333334	0.03996526	0.2	0.0	200.0	0.0007176281	0.10892429	0.7425282	0.04689349	0.1	0.2	0.0	0.1	0.15	2.440086	114.0	72.375	0.041666668	127.625	0.0	0.56341463	3.1666667	71.70433354377747
276	0.0	0.0	0.0	0.0	200.0	-0.03404979	0.18765025	0.6909678	0.079578854	0.0	0.0	0.0	0.0	0.15	2.6407447	114.0	72.875	0.0	127.125	0.0	0.56875086	3.125	71.8287341594696
277	0.0	0.0	0.0	0.0	200.0	-0.00550977	0.13701923	0.35138258	0.06413179	0.0	0.0	0.0	0.0	0.3	2.3588753	114.0	69.416664	0.0	130.58333	0.0	0.5298934	2.9166667	74.74538969993591
278	0.0	0.0	0.0	0.0	200.0	-0.0054498836	0.05233374	0.15958887	0.024637485	0.0	0.0	0.0	0.0	0.2	2.3277757	114.0	67.625	0.0	132.375	0.0	0.5087876	1.9166666	72.97293257713318
279	0.0	0.0	0.0	0.0	200.0	0.0028495602	0.0016526444	0.06731161	0.0058422196	0.0	0.0	0.0	0.0	0.25	2.3078105	114.0	66.958336	0.0	133.04167	0.0	0.5001802	1.5416666	74.13309264183044
280	0.0	0.0	0.0	0.0	200.0	0.0052711326	0.0017528046	0.042064626	0.0031906415	0.0	0.0	0.0	0.0	0.2	2.2846112	114.0	66.875	0.0	133.125	0.0	0.49892935	1.4166666	74.31056690216064
281	0.0	0.0	0.0	0.0	200.0	0.0041656424	0.012119393	0.04367194	0.007702837	0.0	0.0	0.0	0.0	0.2	2.578322	114.0	66.583336	0.0	133.41667	0.0	0.49626398	1.5416666	74.17859840393066
282	0.0	0.0	0.0	0.0	200.0	-0.045730125	0.3203626	0.51292187	0.14672895	0.0	0.0	0.0	0.0	0.4	2.4428525	114.0	68.916664	0.0	131.08333	0.0	0.52388316	4.9166665	71.6200647354126
283	0.0	0.0	0.0	0.0	200.0	-0.054951567	0.37059295	0.65434533	0.13859564	0.0	0.0	0.0	0.0	0.3	2.321645	114.0	75.75	0.0	124.25	0.0	0.6062794	4.8333335	73.44656133651733
284	0.0	0.0	0.0	0.0	200.0	-0.04263882	0.30909458	0.57238245	0.112869956	0.0	0.0	0.0	0.0	0.15	2.6458423	114.0	69.666664	0.0	130.33333	0.0	0.5315941	5.2083335	74.61080479621887
285	0.0	0.0	0.0	0.0	200.0	-0.007902162	0.24263823	0.7153376	0.04122467	0.0	0.0	0.0	0.0	0.3	2.5158157	114.0	89.5	0.0	110.5	0.0	0.8087446	5.0416665	72.59236574172974
286	0.0	0.0	0.0	0.0	200.0	-0.017267192	0.15269431	0.7688329	-1.4418193e-05	0.0	0.0	0.0	0.0	0.35	2.3677526	114.0	106.25	0.0	93.75	0.0	1.1344594	4.7916665	72.86471629142761
287	0.0	0.0	0.0	0.0	200.0	-0.048334707	0.25190306	0.8602228	0.00077452074	0.0	0.0	0.0	0.0	0.25	2.6078124	114.0	102.416664	0.0	97.583336	0.0	1.0663866	5.2083335	75.43840646743774
288	0.0	0.0	0.0	0.0	200.0	-0.04035833	0.24634416	0.76462144	-0.015857482	0.0	0.0	0.0	0.0	0.25	2.382112	114.0	122.083336	0.0	77.916664	0.0	1.6610459	4.6666665	75.68020486831665
289	0.0	0.0	0.0	0.0	200.0	-0.08278769	0.36237982	1.137021	0.09660181	0.0	0.0	0.0	0.0	0.4	2.2927947	114.0	49.625	0.0	150.375	0.0	0.33331892	5.3333335	77.67967820167542
290	0.018421052	0.08834426	0.44210526	0.0	200.0	-0.11158228	0.5034556	1.2053357	0.09349204	0.05	0.1	0.0	0.05	0.25	2.3450522	129.0	33.125	0.041666668	166.875	0.0	0.19844615	5.25	80.74430418014526
291	0.0	0.0	0.0	0.0	200.0	-0.1393999	0.65705127	1.2188472	0.09630162	0.0	0.0	0.0	0.0	0.3	2.5624652	129.0	28.291666	0.0	171.70833	0.0	0.16355783	4.7916665	77.38211154937744
292	0.0	0.0	0.0	0.0	200.0	-0.1574837	0.7464444	1.1736444	0.17239924	0.0	0.0	0.0	0.0	0.2	2.4180691	129.0	29.875	0.0	170.125	0.0	0.17418277	4.625	76.65066766738892
293	0.0	0.0	0.0	0.0	200.0	-0.14333655	0.63296276	0.94158334	0.21263297	0.0	0.0	0.0	0.0	0.55	2.2364688	129.0	30.833334	0.0	169.16667	0.0	0.18118457	4.5833335	73.52212977409363
294	0.0	0.0	0.0	0.0	200.0	-0.11689786	0.52113384	0.83696866	0.3561841	0.0	0.0	0.0	0.0	0.15	2.384122	129.0	30.25	0.0	169.75	0.0	0.17732815	4.375	74.94040584564209
295	0.0	0.0	0.0	0.0	200.0	-0.10465983	0.5209836	0.7747021	0.33098045	0.0	0.0	0.0	0.0	0.2	2.5317795	129.0	29.833334	0.0	170.16667	0.0	0.17489152	4.5	75.55055665969849
296	0.0	0.0	0.0	0.0	200.0	-0.10248005	0.4234275	0.6379971	0.23799223	0.0	0.0	0.0	0.0	0.4	2.3955302	129.0	30.125	0.0	169.875	0.0	0.17691128	3.75	74.51047348976135
297	0.0	0.0	0.0	0.0	200.0	-0.10176142	0.37710342	0.6788342	0.3285874	0.0	0.0	0.0	0.0	0.35	2.355804	129.0	29.875	0.0	170.125	0.0	0.17420435	4.1666665	74.95244312286377
298	0.0	0.0	0.0	0.0	200.0	-0.097946964	0.38040864	0.66120106	0.34738746	0.0	0.0	0.0	0.0	0.15	2.4455554	129.0	30.208334	0.0	169.79167	0.0	0.17754059	3.5833333	73.42740631103516
299	0.0	0.0	0.0	0.0	200.0	-0.1067396	0.43339345	0.806235	0.378225	0.0	0.0	0.0	0.0	0.2	2.5907383	129.0	29.875	0.0	170.125	0.0	0.17516284	4.0833335	76.3076000213623
300	0.0	0.0	0.0	0.0	200.0	-0.11468712	0.42643228	0.7966712	0.39282313	0.0	0.0	0.0	0.0	0.2	2.4077277	129.0	30.708334	0.0	169.29167	0.0	0.18098156	3.625	76.18965864181519
301	0.0	0.0	0.0	0.0	200.0	-0.10719786	0.41215944	0.7680192	0.48560223	0.0	0.0	0.0	0.0	0.2	2.4396224	129.0	30.25	0.0	169.75	0.0	0.17776345	4.3333335	73.49750208854675
302	0.0	0.0	0.0	0.0	200.0	-0.07912162	0.36057696	0.74739903	0.37031153	0.0	0.0	0.0	0.0	0.35	2.2910886	129.0	30.833334	0.0	169.16667	0.0	0.18165462	4.0	73.30147624015808
303	0.008333334	0.03996526	0.2	0.0	200.0	-0.09829459	0.49168673	0.96174574	0.12824856	0.0	0.0	0.0	0.0	0.3	2.537991	129.0	41.583332	0.041666668	158.41667	0.0	0.2627599	3.875	73.11098456382751
304	0.0	0.0	0.0	0.0	200.0	-0.099690825	0.61783856	1.2111894	0.12664863	0.0	0.0	0.0	0.0	0.25	2.3959796	129.0	63.458332	0.0	136.54167	0.0	0.4625305	3.4166667	72.81806445121765
305	0.0	0.0	0.0	0.0	200.0	-0.15224735	0.68755007	1.2896472	0.44129047	0.0	0.0	0.0	0.0	0.45000002	2.3072371	129.0	68.375	0.0	131.625	0.0	0.51715773	2.2083333	73.85566926002502
306	0.0	0.0	0.0	0.0	200.0	-0.108772136	0.5534856	0.81431884	0.3754058	0.0	0.0	0.0	0.0	0.4	2.274475	129.0	67.666664	0.0	132.33333	0.0	0.5089547	2.125	75.38372445106506
307	0.0	0.0	0.0	0.0	200.0	-0.08996352	0.3158053	0.27765617	0.18428154	0.0	0.0	0.0	0.0	0.15	2.5675318	129.0	67.375	0.0	132.625	0.0	0.50489855	1.4583334	73.4989161491394
308	0.0	0.0	0.0	0.0	200.0	-0.09592885	0.31891027	0.30131206	0.18773372	0.0	0.0	0.0	0.0	0.2	2.4679518	129.0	67.25	0.0	132.75	0.0	0.5031875	1.2083334	73.07793140411377
309	0.0	0.0	0.0	0.0	200.0	-0.09210875	0.32091346	0.32274106	0.18547948	0.0	0.0	0.0	0.0	0.2	2.4226444	129.0	67.291664	0.0	132.70833	0.0	0.5030356	1.3333334	73.87466621398926
310	0.0	0.0	0.0	0.0	200.0	-0.10316428	0.3241687	0.38817754	0.21252143	0.0	0.0	0.0	0.0	0.4	2.2605767	129.0	67.208336	0.0	132.79167	0.0	0.50619006	1.375	75.36683440208435
311	0.0	0.0	0.0	0.0	200.0	-0.108262144	0.32361782	0.47055998	0.23333476	0.0	0.0	0.0	0.0	0.15	2.5771322	129.0	67.416664	0.0	132.58333	0.0	0.50668854	1.5416666	74.374032497406
312	0.0	0.0	0.0	0.0	200.0	-0.111044265	0.32351765	0.55386364	0.29433817	0.0	0.0	0.0	0.0	0.2	2.520885	129.0	67.458336	0.0	132.54167	0.0	0.50586987	1.4166666	72.95536684989929
313	0.0	0.0	0.0	0.0	200.0	-0.11200259	0.32311702	0.5837833	0.3323561	0.0	0.0	0.0	0.0	0.15	2.5980756	129.0	67.333336	0.0	132.66667	0.0	0.5047709	1.1666666	74.3723840713501
314	0.0	0.0	0.0	0.0	200.0	-0.11081082	0.32206532	0.6808551	0.42457533	0.0	0.0	0.0	0.0	0.3	2.5073085	129.0	67.041664	0.0	132.95833	0.0	0.50205284	1.2916666	73.93878436088562
315	0.0	0.0	0.0	0.0	200.0	-0.11458099	0.32276645	0.71465164	0.37959006	0.0	0.0	0.0	0.0	0.2	2.375485	129.0	67.041664	0.0	132.95833	0.0	0.50207186	1.25	70.31241130828857
316	0.0	0.0	0.0	0.0	200.0	-0.114199065	0.3231671	0.76756114	0.48404777	0.0	0.0	0.0	0.0	0.2	2.458076	129.0	66.916664	0.0	133.08333	0.0	0.5016019	1.5	71.93698620796204
317	0.0	0.0	0.0	0.0	200.0	-0.113776304	0.32296678	0.8223755	0.5986957	0.0	0.0	0.0	0.0	0.2	2.3543892	129.0	67.041664	0.0	132.95833	0.0	0.50145483	1.375	71.26526379585266
318	0.0	0.0	0.0	0.0	200.0	-0.11220624	0.32261622	0.81583434	0.53407454	0.0	0.0	0.0	0.0	0.4	2.2970853	129.0	67.041664	0.0	132.95833	0.0	0.50206	1.4583334	73.52771162986755
319	0.0	0.0	0.0	0.0	200.0	-0.112173975	0.32106373	0.8158433	0.62846905	0.0	0.0	0.0	0.0	0.2	2.5260305	129.0	66.916664	0.0	133.08333	0.0	0.49939227	1.375	73.51359176635742
320	0.0	0.0	0.0	0.0	200.0	-0.110132456	0.3208634	0.79642266	0.54893786	0.0	0.0	0.0	0.0	0.25	2.3781338	129.0	66.916664	0.0	133.08333	0.0	0.49939695	1.375	71.9741997718811
321	0.0	0.0	0.0	0.0	200.0	-0.11087183	0.32126403	0.8472796	0.7168529	0.0	0.0	0.0	0.0	0.25	2.462279	129.0	66.875	0.0	133.125	0.0	0.49986455	1.375	72.54612898826599
322	0.0	0.0	0.0	0.0	200.0	-0.10994793	0.3221655	0.85826427	0.7059923	0.0	0.0	0.0	0.0	0.35	2.3931453	129.0	66.833336	0.0	133.16667	0.0	0.49970546	1.375	73.7914342880249
323	0.0	0.0	0.0	0.0	200.0	-0.110295	0.32146436	0.8623974	0.66214484	0.0	0.0	0.0	0.0	0.25	2.4190788	129.0	66.875	0.0	133.125	0.0	0.49922848	1.2916666	71.07740235328674
324	0.0	0.0	0.0	0.0	200.0	-0.11168184	0.32081333	0.8324905	0.6687626	0.0	0.0	0.0	0.0	0.2	2.377024	129.0	66.958336	0.0	133.04167	0.0	0.5005007	1.25	70.7409279346466
325	0.0	0.0	0.0	0.0	200.0	-0.114396214	0.32081333	0.8741421	0.65599275	0.0	0.0	0.0	0.0	0.4	2.458559	129.0	66.958336	0.0	133.04167	0.0	0.5007926	1.5	71.89590287208557
326	0.0	0.0	0.0	0.0	200.0	-0.113693036	0.32091346	0.8866636	0.74244213	0.0	0.0	0.0	0.0	0.15	2.581593	129.0	66.916664	0.0	133.08333	0.0	0.5006454	1.5	75.2489058971405
327	0.0	0.0	0.0	0.0	200.0	-0.115760624	0.3208133	0.91897774	0.7655881	0.0	0.0	0.0	0.0	0.35	2.489248	129.0	66.75	0.0	133.25	0.0	0.4981343	1.25	70.81506490707397
328	0.0	0.0	0.0	0.0	200.0	-0.116881885	0.3203125	0.926168	0.77656657	0.0	0.0	0.0	0.0	0.2	2.6595922	129.0	66.791664	0.0	133.20833	0.0	0.49828863	1.2916666	71.31748747825623
329	0.0	0.0	0.0	0.0	200.0	-0.114402376	0.32121396	0.9097503	0.71883124	0.0	0.0	0.0	0.0	0.3	2.3494048	129.0	66.833336	0.0	133.16667	0.0	0.49940893	1.4166666	71.8402669429779
330	0.0	0.0	0.0	0.0	200.0	-0.11364011	0.32151446	0.90757585	0.80143815	0.0	0.0	0.0	0.0	0.4	2.4748673	129.0	66.791664	0.0	133.20833	0.0	0.4986019	1.375	73.65555763244629
331	0.0	0.0	0.0	0.0	200.0	-0.113972925	0.32096353	0.9266434	0.80394715	0.0	0.0	0.0	0.0	0.25	2.5130684	129.0	66.666664	0.0	133.33333	0.0	0.49939212	1.1666666	71.55934071540833
332	0.0	0.0	0.0	0.0	200.0	-0.11583064	0.32001206	0.9283249	0.82346416	0.0	0.0	0.0	0.0	0.35	2.5210414	129.0	66.458336	0.0	133.54167	0.0	0.4970542	1.2916666	71.49512314796448
333	0.0	0.0	0.0	0.0	200.0	-0.11087296	0.31941107	0.92948866	0.939552	0.0	0.0	0.0	0.0	0.25	2.4209216	129.0	66.583336	0.0	133.41667	0.0	0.4968976	1.25	71.52170395851135
334	0.0	0.0	0.0	0.0	200.0	-0.11253253	0.32066306	0.9202144	0.70910686	0.0	0.0	0.0	0.0	0.1	2.424668	129.0	66.458336	0.0	133.54167	0.0	0.49674797	1.4166666	73.45176291465759
335	0.0	0.0	0.0	0.0	200.0	-0.10950043	0.31941107	0.90098953	0.7196055	0.0	0.0	0.0	0.0	0.4	2.3439384	129.0	66.458336	0.0	133.54167	0.0	0.49611437	1.25	72.15855932235718
336	0.0	0.0	0.0	0.0	200.0	-0.10855075	0.32071316	0.8864297	0.67841655	0.0	0.0	0.0	0.0	0.15	2.5816073	129.0	66.541664	0.0	133.45833	0.0	0.4961097	1.2083334	72.09202527999878
337	0.0	0.0	0.0	0.0	200.0	-0.10893661	0.3198618	0.8643098	0.68004227	0.0	0.0	0.0	0.0	0.25	2.4105105	129.0	66.833336	0.0	133.16667	0.0	0.5000377	1.4583334	72.6734869480133
338	0.0	0.0	0.0	0.0	200.0	-0.11120992	0.32171476	0.9181445	0.76828176	0.0	0.0	0.0	0.0	0.2	2.6222625	129.0	66.833336	0.0	133.16667	0.0	0.5003415	1.25	74.79760265350342
339	0.0	0.0	0.0	0.0	200.0	-0.105455406	0.32196513	0.92577	0.7538619	0.0	0.0	0.0	0.0	0.3	2.4636464	129.0	66.791664	0.0	133.20833	0.0	0.49735346	1.5833334	72.03678727149963
340	0.0	0.0	0.0	0.0	200.0	-0.10576311	0.32296678	0.92498857	0.770627	0.0	0.0	0.0	0.0	0.35	2.2740095	129.0	66.75	0.0	133.25	0.0	0.500014	1.25	71.69780349731445
341	0.0	0.0	0.0	0.0	200.0	-0.110894404	0.320613	0.9329741	0.79308677	0.0	0.0	0.0	0.0	0.25	2.5265188	129.0	66.708336	0.0	133.29167	0.0	0.49798235	1.5	71.98953294754028
342	0.0	0.0	0.0	0.0	200.0	-0.035509977	0.31715748	0.4757971	0.6617548	0.0	0.0	0.0	0.0	0.25	2.4894352	129.0	64.041664	0.0	135.95833	0.0	0.46989003	1.3333334	73.49864268302917
343	0.0	0.0	0.0	0.0	200.0	-0.013860855	0.003555689	0.0047106114	0.0051475368	0.0	0.0	0.0	0.0	0.3	2.380552	129.0	199.16667	0.0	0.8333333	0.0	6.295139	0.6666667	74.02872681617737
344	0.0	0.0	0.0	0.0	200.0	0.02415234	0.0012520032	0.0071440763	0.0007940421	0.0	0.0	0.0	0.0	0.3	2.3780024	129.0	199.29167	0.0	0.7083333	0.0	0.041666668	0.625	73.5931282043457
345	0.0	0.0	0.0	0.0	200.0	-0.0016327085	0.0021534457	0.007000061	0.001430843	0.0	0.0	0.0	0.0	0.3	2.4854836	129.0	199.375	0.0	0.625	0.0	0.041666668	0.5833333	73.0093936920166
346	0.0	0.0	0.0	0.0	200.0	-0.027225627	0.002704327	0.008541303	0.0019958345	0.0	0.0	0.0	0.0	0.25	2.3048909	129.0	199.29167	0.0	0.7083333	0.0	0.29166666	0.6666667	74.84757447242737
347	0.0	0.0	0.0	0.0	200.0	-0.005073882	0.0020032052	0.010975177	0.0018329298	0.0	0.0	0.0	0.0	0.25	2.6640658	129.0	199.20833	0.0	0.7916667	0.0	4.1527777	0.5833333	73.06330990791321
348	0.0	0.0	0.0	0.0	200.0	-0.0025518448	0.004156651	0.014670953	0.0020311698	0.0	0.0	0.0	0.0	0.2	2.447965	127.0	199.125	0.0	0.875	0.0	2.736111	0.7916667	73.50770854949951
349	0.0	0.0	0.0	0.0	200.0	-0.013165832	0.006109776	0.04725073	0.0039795744	0.0	0.0	0.0	0.0	0.2	2.52915	129.0	198.70833	0.0	1.2916666	0.0	6.684028	0.9583333	73.85728716850281
350	0.0	0.0	0.0	0.0	200.0	-0.01355257	0.32722357	0.555545	0.18258047	0.0	0.0	0.0	0.0	0.3	2.4291577	129.0	132.29167	0.0	67.708336	0.0	3.7354584	1.3333334	75.84547710418701
351	0.0	0.0	0.0	0.0	200.0	-0.089372255	0.46078727	0.5952058	0.30728653	0.0	0.0	0.0	0.0	0.2	2.3456435	129.0	51.333332	0.0	148.66667	0.0	0.3452895	1.4166666	75.9713282585144
352	0.0	0.0	0.0	0.0	200.0	-0.08325768	0.42728367	0.7007339	0.3017591	0.0	0.0	0.0	0.0	0.3	2.4556432	129.0	51.375	0.0	148.625	0.0	0.34558985	1.4583334	73.60721731185913
353	0.0	0.0	0.0	0.0	200.0	-0.09633347	0.35561904	0.6484389	0.16150051	0.0	0.0	0.0	0.0	0.25	2.493262	129.0	50.333332	0.0	149.66667	0.0	0.334764	1.8333334	72.99657797813416
354	0.0	0.0	0.0	0.0	200.0	-0.09197005	0.34895834	0.63721406	0.18229823	0.0	0.0	0.0	0.0	0.3	2.2717056	129.0	51.833332	0.0	148.16667	0.0	0.34998623	1.9583334	73.84658145904541
355	0.0	0.0	0.0	0.0	200.0	-0.088373624	0.36808896	0.6829292	0.18176179	0.0	0.0	0.0	0.0	0.25	2.5843825	129.0	54.25	0.0	145.75	0.0	0.3714398	1.9583334	74.2051887512207
356	0.0	0.0	0.0	0.0	200.0	-0.091931134	0.3520132	0.66696405	0.19627549	0.0	0.0	0.0	0.0	0.35	2.525053	129.0	50.75	0.0	149.25	0.0	0.33953977	2.0416667	72.85641503334045
357	0.0	0.0	0.0	0.0	200.0	-0.09651261	0.36428288	0.7451628	0.197421	0.0	0.0	0.0	0.0	0.2	2.334876	129.0	47.541668	0.0	152.45833	0.0	0.3105912	2.0	74.39074277877808
358	0.0	0.0	0.0	0.0	200.0	-0.09096828	0.36207938	0.6992561	0.16565792	0.0	0.0	0.0	0.0	0.3	2.3187299	129.0	49.25	0.0	150.75	0.0	0.32549837	2.0416667	75.08570742607117
359	0.0	0.0	0.0	0.0	200.0	-0.08959287	0.36964145	0.5942703	0.15282744	0.0	0.0	0.0	0.0	0.3	2.4906864	129.0	45.166668	0.0	154.83333	0.0	0.29166868	1.9583334	76.94562268257141
360	0.0	0.0	0.0	0.0	200.0	-0.07982097	0.3669872	0.5840814	0.15300936	0.0	0.0	0.0	0.0	0.25	2.493213	129.0	46.0	0.0	154.0	0.0	0.2977735	1.9166666	72.91846442222595
361	0.0	0.0	0.0	0.0	200.0	-0.08244639	0.35066104	0.59322864	0.121869594	0.0	0.0	0.0	0.0	0.3	2.5387616	129.0	52.125	0.0	147.875	0.0	0.3517994	1.9166666	74.39257478713989
362	0.0	0.0	0.0	0.0	200.0	-0.08849648	0.3478566	0.5881124	0.13272502	0.0	0.0	0.0	0.0	0.2	2.3938334	127.0	52.375	0.0	147.625	0.0	0.35474992	1.9166666	74.67721462249756
363	0.0	0.0	0.0	0.0	200.0	-0.06719152	0.36217952	0.5093056	0.14661859	0.0	0.0	0.0	0.0	0.25	2.4268024	129.0	47.5	0.0	152.5	0.0	0.31089574	1.9166666	76.39257168769836
364	0.0	0.0	0.0	0.0	200.0	-0.06807221	0.3716947	0.50089806	0.13807778	0.0	0.0	0.0	0.0	0.25	2.4370306	129.0	43.458332	0.0	156.54167	0.0	0.27622977	1.875	74.5126166343689
365	0.0	0.0	0.0	0.0	200.0	-0.08228609	0.36653647	0.54049194	0.13857585	0.0	0.0	0.0	0.0	0.3	2.386343	129.0	46.208332	0.0	153.79167	0.0	0.29921865	1.9583334	75.73580551147461
366	0.0	0.0	0.0	0.0	200.0	-0.09471079	0.36333132	0.5779673	0.1404455	0.0	0.0	0.0	0.0	0.3	2.4526396	129.0	46.916668	0.0	153.08333	0.0	0.30627474	2.0	73.76555299758911
367	0.0	0.0	0.0	0.0	200.0	-0.093697846	0.35366592	0.5965819	0.14055097	0.0	0.0	0.0	0.0	0.3	2.4213939	129.0	50.375	0.0	149.625	0.0	0.33645213	1.9583334	75.12300372123718
368	0.0	0.0	0.0	0.0	200.0	-0.08378336	0.34214744	0.56666535	0.16690563	0.0	0.0	0.0	0.0	0.25	2.6380591	129.0	55.625	0.0	144.375	0.0	0.38426042	1.9583334	73.37607145309448
369	0.0	0.0	0.0	0.0	200.0	-0.08039894	0.34219754	0.60321134	0.1443814	0.0	0.0	0.0	0.0	0.25	2.5041566	129.0	56.541668	0.0	143.45833	0.0	0.39327964	1.9583334	73.17694520950317
370	0.0	0.0	0.0	0.0	200.0	-0.08999766	0.34375	0.6441253	0.13399075	0.0	0.0	0.0	0.0	0.15	2.583572	129.0	56.416668	0.0	143.58333	0.0	0.39099273	2.0	76.20629048347473
371	0.0	0.0	0.0	0.0	200.0	-0.07861224	0.34079528	0.63126665	0.16263974	0.0	0.0	0.0	0.0	0.15	2.5632217	129.0	56.541668	0.0	143.45833	0.0	0.3940691	2.0	76.75532174110413
372	0.0	0.0	0.0	0.0	200.0	-0.07322531	0.37850562	0.68799144	0.22361572	0.0	0.0	0.0	0.0	0.15	2.383762	129.0	55.791668	0.0	144.20833	0.0	0.38589168	1.9583334	75.31532073020935
373	0.0	0.0	0.0	0.0	200.0	-0.069569044	0.40039062	0.6134184	0.3354304	0.0	0.0	0.0	0.0	0.25	2.5734668	129.0	48.375	0.0	151.625	0.0	0.3184415	2.0	74.31190824508667
374	0.0	0.0	0.0	0.0	200.0	-0.10255045	0.35376605	0.6609569	0.1910727	0.0	0.0	0.0	0.0	0.2	2.428162	129.0	51.958332	0.0	148.04167	0.0	0.34974146	2.0416667	75.0527012348175
375	0.0	0.0	0.0	0.0	200.0	-0.107743435	0.3613782	0.6859271	0.16345035	0.0	0.0	0.0	0.0	0.2	2.229557	129.0	48.041668	0.0	151.95833	0.0	0.31640676	2.0416667	75.21221423149109
376	0.0	0.0	0.0	0.0	200.0	-0.107710265	0.35727164	0.672921	0.16043054	0.0	0.0	0.0	0.0	0.25	2.3763592	129.0	50.083332	0.0	149.91667	0.0	0.33403468	2.0	71.68241858482361
377	0.0	0.0	0.0	0.0	200.0	-0.09592601	0.3556691	0.69411755	0.16097166	0.0	0.0	0.0	0.0	0.25	2.362564	129.0	50.791668	0.0	149.20833	0.0	0.33979717	2.0	72.68522000312805
378	0.0	0.0	0.0	0.0	200.0	-0.09483609	0.3538662	0.71862155	0.1648312	0.0	0.0	0.0	0.0	0.2	2.4799304	129.0	52.291668	0.0	147.70833	0.0	0.35308218	2.0	76.84957432746887
379	0.0	0.0	0.0	0.0	200.0	-0.08347247	0.40189305	0.8587501	0.20350523	0.0	0.0	0.0	0.0	0.3	2.4727817	129.0	59.75	0.0	140.25	0.0	0.42469454	2.0	74.29542279243469
380	0.0	0.0	0.0	0.0	200.0	-0.083283275	0.5136218	1.0379585	0.25441384	0.0	0.0	0.0	0.0	0.25	2.344879	129.0	67.916664	0.0	132.08333	0.0	0.5111872	2.0	73.3436541557312
381	0.0	0.0	0.0	0.0	200.0	-0.069527395	0.39207736	1.0398074	0.17743544	0.0	0.0	0.0	0.0	0.3	2.4046273	129.0	75.666664	0.0	124.333336	0.0	0.6062841	2.0	75.37112045288086
382	0.0	0.0	0.0	0.0	200.0	-0.035379447	0.3736979	0.9268889	0.16010724	0.0	0.0	0.0	0.0	0.35	2.4761462	129.0	75.583336	0.0	124.416664	0.0	0.6106288	2.0	75.71506404876709
383	0.0	0.0	0.0	0.0	200.0	-0.017463515	0.30328527	0.7334886	0.113330014	0.0	0.0	0.0	0.0	0.25	2.471953	127.0	77.583336	0.0	122.416664	0.0	0.6368163	2.0	75.3178379535675
384	0.0	0.0	0.0	0.0	200.0	-0.046500638	0.32777444	0.6942115	0.1511672	0.0	0.0	0.0	0.0	0.3	2.417179	129.0	69.875	0.0	130.125	0.0	0.53588015	2.0	72.83161878585815
385	0.0	0.0	0.0	0.0	200.0	-0.061232775	0.36623597	0.5822299	0.16258596	0.0	0.0	0.0	0.0	0.15	2.6157298	129.0	61.833332	0.0	138.16667	0.0	0.4465185	1.875	73.87126874923706
386	0.0	0.0	0.0	0.0	200.0	-0.07446385	0.33253205	0.57354957	0.14520438	0.0	0.0	0.0	0.0	0.2	2.4837286	129.0	62.333332	0.0	137.66667	0.0	0.45193008	1.8333334	76.0182032585144
387	0.0	0.0	0.0	0.0	200.0	-0.04172687	0.3109976	0.5374113	0.14565867	0.0	0.0	0.0	0.0	0.3	2.4627068	129.0	67.833336	0.0	132.16667	0.0	0.5124224	1.7916666	73.58183217048645
388	0.0	0.0	0.0	0.0	200.0	-0.081198744	0.34845755	0.38019815	0.14438643	0.0	0.0	0.0	0.0	0.2	2.3913581	129.0	53.666668	0.0	146.33333	0.0	0.36574808	1.75	72.94655537605286
389	0.0	0.0	0.0	0.0	200.0	-0.0739865	0.35847357	0.42264783	0.14376302	0.0	0.0	0.0	0.0	0.3	2.4421306	129.0	52.083332	0.0	147.91667	0.0	0.35113177	1.8333334	74.17035627365112
390	0.0	0.0	0.0	0.0	200.0	-0.07409588	0.36623597	0.3958331	0.14663295	0.0	0.0	0.0	0.0	0.3	2.465743	129.0	47.666668	0.0	152.33333	0.0	0.312359	1.6666666	76.29018902778625
391	0.0	0.0	0.0	0.0	200.0	-0.0758829	0.3521134	0.4155737	0.16147438	0.0	0.0	0.0	0.0	0.3	2.4038498	129.0	49.958332	0.0	150.04167	0.0	0.3330132	1.9166666	73.42541241645813
392	0.0	0.0	0.0	0.0	200.0	-0.08824361	0.35031047	0.43756056	0.16259931	0.0	0.0	0.0	0.0	0.2	2.5359483	129.0	51.833332	0.0	148.16667	0.0	0.35064092	1.6666666	73.15397477149963
393	0.0	0.0	0.0	0.0	200.0	-0.054439437	0.35902444	0.40338692	0.16199265	0.0	0.0	0.0	0.0	0.3	2.321721	129.0	46.208332	0.0	153.79167	0.0	0.30122977	1.5833334	72.71728777885437
394	0.0	0.0	0.0	0.0	200.0	-0.04948774	0.35476765	0.48670658	0.16096626	0.0	0.0	0.0	0.0	0.25	2.4766603	129.0	52.125	0.0	147.875	0.0	0.3533651	1.4583334	74.83156967163086
395	0.0	0.0	0.0	0.0	200.0	-0.086125314	0.38802084	0.49153018	0.16007315	0.0	0.0	0.0	0.0	0.25	2.4044452	129.0	43.958332	0.0	156.04167	0.0	0.28061214	1.4583334	74.34526324272156
396	0.0	0.0	0.0	0.0	200.0	-0.079225235	0.5115685	0.5973781	0.24129854	0.0	0.0	0.0	0.0	0.3	2.3509512	127.0	64.0	0.0	136.0	0.0	0.47412777	1.5	74.22689747810364
397	0.0	0.0	0.0	0.0	200.0	-0.06436386	0.46749797	0.62967694	0.29547164	0.0	0.0	0.0	0.0	0.3	2.4055967	129.0	68.625	0.0	131.375	0.0	0.52436805	1.5	73.53416156768799
398	0.0	0.0	0.0	0.0	200.0	-0.075962834	0.5441707	0.6735485	0.3285806	0.0	0.0	0.0	0.0	0.25	2.5752122	129.0	74.166664	0.0	125.833336	0.0	0.59056675	1.5833334	74.34160590171814
399	0.0	0.0	0.0	0.0	200.0	-0.054078605	0.47390828	0.68664414	0.24598096	0.0	0.0	0.0	0.0	0.3	2.501133	127.0	70.833336	0.0	129.16667	0.0	0.54955924	1.25	76.78500151634216
400	0.0	0.0	0.0	0.0	200.0	-0.048294295	0.4716046	0.79169536	0.2577469	0.0	0.0	0.0	0.0	0.2	2.350773	127.0	103.583336	0.0	96.416664	0.0	1.1009269	1.4166666	78.12722516059875
401	0.0	0.0	0.0	0.0	200.0	-0.048241023	0.5175782	0.80582017	0.32871348	0.0	0.0	0.0	0.0	0.25	2.5585122	129.0	118.208336	0.0	81.791664	0.0	1.4672946	1.5	76.07007360458374
402	0.0	0.0	0.0	0.0	200.0	-0.030616358	0.5850361	0.8294309	0.37147966	0.0	0.0	0.0	0.0	0.3	2.3189602	129.0	134.33333	0.0	65.666664	0.0	2.1933608	1.5416666	74.65271759033203
403	0.0	0.0	0.0	0.0	200.0	0.010998573	0.5437701	0.8765421	0.29155552	0.0	0.0	0.0	0.0	0.15	2.4783213	129.0	161.125	0.0	38.875	0.0	4.218094	1.6666666	76.64932775497437
404	0.0	0.0	0.0	0.0	200.0	-0.04608344	0.32882613	0.9531743	0.13411371	0.0	0.0	0.0	0.0	0.4	2.4268575	129.0	155.5	0.0	44.5	0.0	3.441802	1.4166666	73.61365604400635
405	0.0	0.0	0.0	0.0	200.0	-0.028224701	0.30248398	0.94563144	0.108573414	0.0	0.0	0.0	0.0	0.35	2.5868862	129.0	142.375	0.0	57.625	0.0	2.5421903	1.375	72.62185192108154
406	0.0	0.0	0.0	0.0	200.0	-0.043217257	0.13326322	0.80999976	-0.0014885492	0.0	0.0	0.0	0.0	0.25	2.4834764	129.0	143.83333	0.0	56.166668	0.0	2.7297335	1.375	74.50912880897522
407	0.0	0.0	0.0	0.0	200.0	-0.0034948348	0.110626996	0.58764803	0.038807806	0.0	0.0	0.0	0.0	0.3	2.4545054	129.0	156.08333	0.0	43.916668	0.0	4.505961	1.375	76.5509307384491
408	0.0	0.0	0.0	0.0	200.0	-0.07874573	0.42603168	0.79903287	0.17317964	0.0	0.0	0.0	0.0	0.3	2.4520257	129.0	85.916664	0.0	114.083336	0.0	0.76146847	1.5416666	76.16747808456421
409	0.0	0.0	0.0	0.0	200.0	-0.08440578	0.3889223	0.75300264	0.18884878	0.0	0.0	0.0	0.0	0.25	2.4850898	127.0	72.583336	0.0	127.416664	0.0	0.5714979	1.625	73.60086703300476
410	0.0	0.0	0.0	0.0	200.0	-0.08732691	0.3522636	0.7576497	0.18842173	0.0	0.0	0.0	0.0	0.3	2.3075624	129.0	67.708336	0.0	132.29167	0.0	0.51062804	1.875	73.79709243774414
411	0.0	0.0	0.0	0.0	200.0	-0.09823988	0.3347857	0.710684	0.11274925	0.0	0.0	0.0	0.0	0.15	2.4239106	127.0	64.375	0.0	135.625	0.0	0.4757111	1.75	74.3466305732727
412	0.0	0.0	0.0	0.0	200.0	-0.10317004	0.34039465	0.676168	0.07588489	0.0	0.0	0.0	0.0	0.2	2.534816	129.0	69.375	0.0	130.625	0.0	0.5304039	1.4583334	72.53508424758911
413	0.0	0.0	0.0	0.0	200.0	-0.0853402	0.34700522	0.7507637	0.11176911	0.0	0.0	0.0	0.0	0.25	2.634469	129.0	72.583336	0.0	127.416664	0.0	0.5692478	1.5833334	72.95250821113586
414	0.0	0.0	0.0	0.0	200.0	-0.087608494	0.28150043	0.9125962	0.102116846	0.0	0.0	0.0	0.0	0.25	2.5908391	129.0	90.25	0.0	109.75	0.0	0.8395303	1.9583334	75.7811291217804
415	0.0	0.0	0.0	0.0	200.0	-0.08210491	0.2646735	1.0603726	0.098984756	0.0	0.0	0.0	0.0	0.3	2.369574	129.0	99.166664	0.0	100.833336	0.0	0.98666435	2.0	76.43930649757385
416	0.04781046	0.22929092	1.147451	0.0	200.0	-0.0736898	0.28956333	1.208812	0.05479498	0.18333334	0.3	0.0	0.18333334	0.4	2.4153123	129.0	118.416664	0.083333336	81.583336	0.0	1.4623405	2.0	75.3429708480835
417	0.40032163	0.43432954	1.2643275	0.0	200.0	-0.047219608	0.24509215	1.2466058	0.07673532	0.12727274	0.35	0.0	0.17	0.45000002	2.3489785	127.0	120.208336	0.875	79.791664	0.0	1.5031484	2.0	84.64048290252686
418	0.4809231	0.49544245	1.3082353	0.0	200.0	-0.01539075	0.2708834	1.2772397	0.07276831	0.11	0.35	0.0	0.15	0.45000002	2.2788992	127.0	130.5	1.0	69.5	0.0	1.9226269	2.0	85.23770475387573
419	0.44112015	0.44848326	1.1312693	0.0	200.0	-0.0033669015	0.20698118	1.2878991	0.06689717	0.138	0.25	0.0	0.15	0.2	2.5831783	125.0	146.0	1.0	54.0	0.0	2.6677437	2.0	88.58745861053467
420	0.43332073	0.46634746	1.3082353	0.0	200.0	-0.024146335	0.13822116	1.2980634	0.054121565	0.12391304	0.35	0.0	0.17999999	0.25	2.349301	127.0	159.75	0.9166667	40.25	0.0	4.2574673	2.0	86.24259400367737
421	0.13930555	0.32570496	1.1388888	0.0	200.0	-0.0054307976	0.13446516	1.2219341	0.021314481	0.16250001	0.25	0.05	0.21666665	0.3	2.3831706	105.0	178.45833	0.33333334	21.541666	0.0	8.450215	1.9583334	78.4096040725708
422	0.06936991	0.2464616	1.1385621	0.0	200.0	-0.009460017	0.11848959	1.2756013	0.011320124	0.15	0.25	0.0	0.13333334	0.3	2.3675816	111.0	190.20833	0.125	9.791667	0.0	19.115751	1.6666666	75.52898383140564
423	0.036960784	0.12258928	0.44705883	0.0	200.0	-0.036344413	0.11783854	1.0249557	-0.01091851	0.125	0.2	0.05	0.125	0.3	2.2020597	111.0	196.0	0.083333336	4.0	0.0	23.939981	1.4166666	75.77282977104187
424	0.0	0.0	0.0	0.0	200.0	-0.013628058	0.12459936	0.7683012	0.0027468512	0.0	0.0	0.0	0.0	0.15	2.300052	109.0	196.83333	0.0	3.1666667	0.0	23.856745	1.375	72.38697719573975
425	0.0	0.0	0.0	0.0	200.0	-0.030187823	0.14973958	0.6802368	0.0615641	0.0	0.0	0.0	0.0	0.2	2.5366292	111.0	198.5	0.0	1.5	0.0	10.185763	0.75	73.57187795639038
426	0.008333334	0.03996526	0.2	0.0	200.0	-0.056924026	0.34029448	0.6692291	0.08519433	0.025	0.05	0.0	0.025	0.4	2.2615302	109.0	197.20833	0.041666668	2.7916667	0.0	26.017939	1.125	76.83888721466064
427	0.0	0.0	0.0	0.0	200.0	-0.03271691	0.293119	0.5861566	0.09601415	0.0	0.0	0.0	0.0	0.25	2.5854545	111.0	195.91667	0.0	4.0833335	0.0	25.6501	1.4166666	75.01535248756409
428	0.1230559	0.28702536	1.2349206	0.0	200.0	-0.008757428	0.291867	0.634034	0.08589834	0.25	0.35	0.05	0.29999998	0.35	2.2257524	101.0	192.375	0.25	7.625	0.0	19.842455	1.75	76.0986270904541
429	0.23381536	0.30532694	0.89411765	0.0	200.0	-0.02148413	0.27008215	0.6696678	0.11096283	0.1375	0.25	0.0	0.14999999	0.4	2.350965	101.0	194.25	0.625	5.75	0.0	20.53798	1.5416666	81.8753604888916
430	0.03879142	0.12883368	0.4888889	0.0	200.0	0.010363568	0.25215346	0.81477374	0.10961	0.1	0.2	0.0	0.1	0.3	2.5129204	114.0	191.83333	0.083333336	8.166667	0.0	24.44848	1.625	72.83585834503174
431	0.0	0.0	0.0	0.0	200.0	-0.018749336	0.24584335	0.89631003	-0.015443238	0.0	0.0	0.0	0.0	0.25	2.482414	114.0	183.25	0.0	16.75	0.0	9.97878	1.7916666	71.73323369026184
432	0.055882353	0.19266391	0.9411765	0.0	200.0	-0.016165977	0.22826523	1.0336486	0.06759877	0.1	0.3	0.0	0.15	0.3	2.339456	107.0	167.70833	0.16666667	32.291668	0.0	5.7277184	2.0	74.38685154914856
433	0.0	0.0	0.0	0.0	200.0	-0.024609124	0.22400843	0.9093561	0.10298369	0.0	0.0	0.0	0.0	0.4	2.4657645	107.0	127.875	0.0	72.125	0.0	1.7793497	2.0	71.69836354255676
434	0.0	0.0	0.0	0.0	200.0	-0.005942762	0.2315705	0.9129351	0.10677526	0.0	0.0	0.0	0.0	0.25	2.4826143	107.0	115.041664	0.0	84.958336	0.0	1.3702564	2.0416667	71.24112200737
435	0.0	0.0	0.0	0.0	200.0	-0.04370125	0.32852566	0.8701463	0.13950896	0.0	0.0	0.0	0.0	0.25	2.4126372	107.0	90.083336	0.0	109.916664	0.0	0.81496024	2.0	72.2707028388977
436	0.0	0.0	0.0	0.0	200.0	-0.06861251	0.4032452	0.91505456	0.15846658	0.0	0.0	0.0	0.0	0.35	2.2628934	107.0	88.541664	0.0	111.458336	0.0	0.787275	2.0416667	70.01639080047607
437	0.0	0.0	0.0	0.0	200.0	-0.086510755	0.43990386	0.9903652	0.10408169	0.0	0.0	0.0	0.0	0.35	2.3611171	107.0	95.375	0.0	104.625	0.0	0.9778777	2.0	71.35755205154419
438	0.0	0.0	0.0	0.0	200.0	-0.05036625	0.2651242	1.0937088	0.011959602	0.0	0.0	0.0	0.0	0.4	2.223073	107.0	147.70833	0.0	52.291668	0.0	3.0583813	1.9583334	72.86374759674072
439	0.05537037	0.19473726	0.8888889	0.0	200.0	-0.042729497	0.28560698	1.1832396	0.11081648	0.0625	0.2	0.0	0.1	0.35	2.2534113	105.0	143.58333	0.125	56.416668	0.0	2.5041063	2.0416667	73.61515164375305
440	0.41412166	0.47679114	1.1856209	0.0	200.0	-0.026260285	0.31445312	1.1606812	0.13417393	0.13636364	0.3	0.0	0.1375	0.25	2.4068203	105.0	137.625	0.875	62.375	0.0	2.237015	2.0	80.45982909202576
441	0.4867647	0.5053938	1.1888889	0.0	200.0	-0.0045886044	0.19571316	1.1789974	0.05520755	0.188	0.45000002	0.0	0.2	0.3	2.3246355	103.0	135.16667	1.0	64.833336	0.0	2.0982516	2.0833333	81.05084085464478
442	0.43571004	0.4818263	1.2141176	0.0	200.0	-0.012285892	0.15835337	1.1449047	0.012263228	0.15434782	0.3	0.0	0.16666667	0.25	2.2006955	103.0	129.29167	0.9166667	70.708336	0.0	1.8702345	2.0416667	82.72964000701904
443	0.4413158	0.46418065	1.2505263	0.0	200.0	-0.021136312	0.15034054	1.1445739	0.029150298	0.14565217	0.3	0.0	0.16	0.2	2.3760524	103.0	134.95833	0.9166667	65.041664	0.0	2.2091322	2.0	81.80969977378845
444	0.026754387	0.09536725	0.44210526	0.0	200.0	-0.0050808075	0.14733575	1.2710699	0.048078954	0.125	0.15	0.1	0.125	0.3	2.3079853	107.0	159.33333	0.083333336	40.666668	0.0	4.024634	2.0	73.00692677497864
445	0.3542544	0.39292267	1.04	0.0	200.0	-0.033514734	0.11403245	1.3680878	0.0152535895	0.122727275	0.3	0.0	0.15	0.2	2.3788087	105.0	169.41667	0.875	30.583334	0.0	5.9668403	1.9583334	81.68935775756836
446	0.30225563	0.43537682	1.31	0.0	200.0	-0.018856436	0.1620593	1.3912462	0.02253891	0.15294117	0.35	0.0	0.17999999	0.35	2.2947733	105.0	177.375	0.6666667	22.625	0.0	8.351368	1.9583334	81.91823363304138
447	0.32461068	0.41393444	1.1856209	0.0	200.0	-0.014765996	0.14708534	1.3940815	0.0279667	0.11578949	0.3	0.0	0.15	0.25	2.3642812	107.0	186.16667	0.75	13.833333	0.0	12.65657	1.7916666	80.42136478424072
448	0.027083332	0.09680217	0.45	0.0	200.0	-0.012361336	0.1905549	1.4024578	0.03831097	0.2	0.25	0.15	0.2	0.3	2.1358588	111.0	179.5	0.083333336	20.5	0.0	9.734931	2.0833333	71.68989205360413
449	0.19463408	0.3842626	1.2007843	0.0	200.0	-0.027826788	0.1711238	1.4131407	0.06388805	0.26666665	0.35	0.1	0.275	0.25	2.176868	107.0	167.875	0.375	32.125	0.0	5.7582564	2.9583333	74.5380129814148
450	0.008333334	0.03996526	0.2	0.0	200.0	-0.02250912	0.21314104	1.1583638	0.07306642	0.05	0.1	0.0	0.05	0.3	2.2423139	111.0	119.291664	0.041666668	80.708336	0.0	1.522453	3.25	73.78780841827393
451	0.06425925	0.22511443	1.0222222	0.0	200.0	-0.034588177	0.22641225	0.9572789	0.10606283	0.2	0.35	0.1	0.2	0.3	2.168166	96.0	99.0	0.125	101.0	0.0	0.98477244	3.4583333	73.58715605735779
452	0.069517545	0.1550696	0.56842107	0.0	200.0	-0.04070325	0.25931492	0.91270334	0.09397199	0.19000001	0.3	0.1	0.2	0.2	2.37071	114.0	80.916664	0.20833333	119.083336	0.0	0.6789736	5.7916665	72.95457434654236
453	0.38575912	0.46004698	1.3082353	0.0	200.0	-0.043737035	0.2596655	0.83959216	0.101739466	0.19249998	0.35	0.0	0.16666667	0.45000002	2.244141	114.0	78.75	0.7916667	121.25	0.0	0.6446859	5.125	77.92617106437683
454	0.03888889	0.18650456	0.93333334	0.0	200.0	-0.0374848	0.32737383	0.79985005	0.14306408	0.11666667	0.25	0.0	0.11666667	0.25	2.2958484	114.0	79.041664	0.083333336	120.958336	0.0	0.6526456	4.6666665	73.6945481300354
455	0.02	0.09591663	0.48	0.0	200.0	-0.07525211	0.40234378	0.7558773	0.14648847	0.05	0.1	0.0	0.05	0.4	2.350324	96.0	77.25	0.041666668	122.75	0.0	0.62742823	4.9583335	70.10478615760803
456	0.016666668	0.055277083	0.2	0.0	200.0	-0.07661886	0.44010422	0.7512068	0.17706828	0.083333336	0.15	0.0	0.075	0.25	2.3844774	96.0	72.5	0.083333336	127.5	0.0	0.56599766	3.5	69.64311385154724
457	0.3669928	0.4523781	1.1783282	0.0	200.0	-0.052512243	0.40650043	0.7270796	0.17791991	0.14750001	0.45000002	0.0	0.17999999	0.25	2.308436	96.0	73.0	0.7916667	127.0	0.0	0.5719332	3.375	79.72410345077515
458	0.36583248	0.4144031	1.2724458	0.0	200.0	-0.028854335	0.3400441	0.6882112	0.12322547	0.1659091	0.35	0.0	0.175	0.25	2.3210213	98.0	69.791664	0.875	130.20833	0.0	0.53152883	3.6666667	83.4325852394104
459	0.4264045	0.4686352	1.2198831	0.0	200.0	-0.035115946	0.3244191	0.7857434	0.1426311	0.11363635	0.3	0.0	0.112500004	0.2	2.349955	78.0	73.916664	0.875	126.083336	0.0	0.58316976	3.5	80.97186279296875
460	0.38566032	0.41375405	1.1388888	0.0	200.0	-0.035292637	0.24779649	0.73979014	0.11035699	0.13863637	0.3	0.0	0.1875	0.3	2.3663409	80.0	74.75	0.875	125.25	0.0	0.5933602	3.4166667	78.57607054710388
461	0.36433193	0.43772876	1.2643275	0.0	200.0	-0.023302674	0.26722756	0.73153096	0.119482964	0.16499999	0.35	0.0	0.175	0.2	2.2791917	76.0	77.875	0.7916667	122.125	0.0	0.6347466	3.0833333	80.37121343612671
462	0.23889406	0.3476682	1.2611765	0.0	200.0	-0.02642941	0.26547477	0.5985568	0.06344072	0.13999997	0.35	0.0	0.16	0.3	2.3795114	78.0	73.166664	0.5833333	126.833336	0.0	0.57363725	3.125	78.83940172195435
463	0.24180312	0.3164312	1.1663158	0.0	200.0	-0.058309853	0.29081532	0.46037284	0.0627637	0.12333334	0.25	0.0	0.1375	0.25	2.4583936	78.0	69.958336	0.5833333	130.04167	0.0	0.53422284	2.75	76.63912010192871
464	0.16808508	0.1945202	0.5411765	0.0	200.0	-0.06115749	0.3563702	0.44464394	0.037344214	0.103846155	0.3	0.0	0.13333334	0.35	2.4130683	80.0	68.958336	0.5	131.04167	0.0	0.5235404	2.0	76.13273596763611
465	0.23347151	0.28680634	1.1244445	0.0	200.0	-0.0667072	0.35556892	0.45652208	0.061721932	0.13214286	0.25	0.0	0.125	0.15	2.4208276	78.0	68.041664	0.5416667	131.95833	0.0	0.5140129	2.2083333	77.03470778465271
466	0.2496881	0.29524556	1.1244445	0.0	200.0	-0.06803299	0.3507612	0.4905233	0.053499628	0.13214286	0.25	0.0	0.14999999	0.2	2.377123	76.0	67.25	0.5416667	132.75	0.0	0.50393134	1.625	79.49475955963135
467	0.19240914	0.2147478	0.56	0.0	200.0	-0.069659986	0.3648838	0.52894264	0.05792363	0.10000001	0.2	0.0	0.1	0.15	2.6537046	78.0	67.625	0.5	132.375	0.0	0.5091674	2.0833333	75.30460739135742
468	0.20255361	0.22967619	0.6	0.0	200.0	-0.05501682	0.31700724	0.5535489	0.077874124	0.11428572	0.25	0.0	0.15	0.2	2.6706936	76.0	66.875	0.5416667	133.125	0.0	0.5003759	1.8333334	76.81352353096008
469	0.20213795	0.2488326	0.89411765	0.0	200.0	-0.046031285	0.29937902	0.5710961	0.14523119	0.14285715	0.25	0.0	0.13333334	0.25	2.4188106	76.0	68.166664	0.5416667	131.83333	0.0	0.5146312	2.375	75.68734741210938
470	0.12359649	0.17492642	0.56	0.0	200.0	-0.05632924	0.30669072	0.48746267	0.11302352	0.081818186	0.2	0.0	0.1	0.25	2.4855874	78.0	67.25	0.41666666	132.75	0.0	0.50511926	2.0416667	75.81707406044006
471	0.15026316	0.2136996	0.56	0.0	200.0	-0.05509765	0.28781053	0.41281816	0.11487489	0.105000004	0.2	0.0	0.1	0.3	2.4206448	78.0	67.916664	0.375	132.08333	0.0	0.5118123	1.5416666	74.48235774040222
472	0.20583017	0.22404674	0.52	0.0	200.0	-0.050752968	0.29897836	0.40040147	0.1240895	0.10769231	0.2	0.0	0.116666675	0.1	2.5421314	78.0	68.458336	0.5	131.54167	0.0	0.517158	1.375	76.15280199050903
473	0.15903509	0.18761367	0.5263158	0.0	200.0	-0.050987404	0.29251805	0.44451782	0.16941364	0.099999994	0.2	0.0	0.116666675	0.2	2.5216317	76.0	68.083336	0.5	131.91667	0.0	0.5153314	1.4583334	77.34715723991394
474	0.13675438	0.1886243	0.84210527	0.0	200.0	-0.05144619	0.30378607	0.40931883	0.12812556	0.046428572	0.15	0.0	0.075	0.3	2.6032848	78.0	69.0	0.5416667	131.0	0.0	0.5256026	1.5833334	77.72139954566956
475	0.13342105	0.1570866	0.52	0.0	200.0	-0.047064472	0.26857972	0.3570629	0.09430391	0.050000004	0.15	0.0	0.06666667	0.15	2.5887134	78.0	69.125	0.5	130.875	0.0	0.52558416	1.625	77.60083603858948
476	0.17703705	0.22072333	0.84	0.0	200.0	-0.047011137	0.2898638	0.39106894	0.11389587	0.050000004	0.15	0.0	0.075	0.2	2.5800529	78.0	70.5	0.5416667	129.5	0.0	0.5421038	1.625	81.85880661010742
477	0.12971735	0.19866158	0.6666667	0.0	200.0	-0.041523594	0.27008215	0.39058593	0.10242596	0.114999995	0.4	0.0	0.16	0.3	2.462089	80.0	71.291664	0.375	128.70833	0.0	0.5525053	1.6666666	76.99020576477051
478	0.15406434	0.18755524	0.48	0.0	200.0	-0.05245416	0.28365386	0.44486952	0.14008023	0.087500006	0.15	0.0	0.083333336	0.2	2.5677168	76.0	71.833336	0.45833334	128.16667	0.0	0.55845875	1.625	75.74978709220886
479	0.15600389	0.18273376	0.53333336	0.0	200.0	-0.050441552	0.29016426	0.4128336	0.10809046	0.073076926	0.25	0.0	0.1	0.2	2.6654649	78.0	71.958336	0.5	128.04167	0.0	0.5612401	1.5416666	76.13452792167664
480	0.15405458	0.17888473	0.48421052	0.0	200.0	-0.06594881	0.31144834	0.47260556	0.15113801	0.08461538	0.15	0.0	0.075	0.1	2.7938476	76.0	72.041664	0.5	127.958336	0.0	0.56131727	1.8333334	75.25636267662048
481	0.13342105	0.1570866	0.52	0.0	200.0	-0.08063293	0.32707334	0.48448312	0.17884238	0.049999997	0.15	0.0	0.075	0.15	2.7700057	78.0	72.0	0.5	128.0	0.0	0.5616736	1.1666666	79.24182295799255
482	0.15359649	0.1781048	0.48421052	0.0	200.0	-0.06080093	0.28240183	0.42497978	0.13215138	0.050000004	0.15	0.0	0.083333336	0.1	2.8204482	80.0	69.791664	0.5	130.20833	0.0	0.5343669	1.8333334	77.88171148300171
483	0.14017543	0.16157228	0.44210526	0.0	200.0	-0.052583594	0.2836038	0.42895722	0.11835339	0.03846154	0.1	0.0	0.05	0.15	2.8694925	78.0	69.875	0.5	130.125	0.0	0.5356319	1.5416666	77.98536419868469
484	0.21554582	0.2758155	1.1244445	0.0	200.0	-0.054610923	0.3021334	0.4132513	0.114719234	0.08214285	0.15	0.0	0.075	0.1	2.7348583	80.0	70.875	0.5416667	129.125	0.0	0.5454526	1.3333334	76.12700533866882
485	0.14518517	0.18023609	0.48	0.0	200.0	-0.05540942	0.29552284	0.4237484	0.14754647	0.06250001	0.15	0.0	0.083333336	0.25	2.5773494	80.0	70.166664	0.45833334	129.83333	0.0	0.53769153	1.4583334	78.39981484413147
486	0.16035087	0.18165106	0.44210526	0.0	200.0	-0.048865378	0.28740987	0.41102967	0.1116697	0.05769231	0.1	0.0	0.05	0.35	2.6332493	76.0	72.666664	0.5	127.333336	0.0	0.5696578	1.6666666	78.71174740791321
487	0.1438694	0.18665895	0.44444445	0.0	200.0	-0.07399118	0.42112377	0.47823027	0.019105494	0.06818182	0.15	0.0	0.075	0.25	2.667747	76.0	82.666664	0.41666666	117.333336	0.0	0.70868427	1.2916666	75.12036204338074
488	0.15850878	0.1869841	0.52	0.0	200.0	-0.053630423	0.3994391	0.550142	-0.0036195416	0.053846158	0.15	0.0	0.075	0.25	2.5489337	76.0	106.833336	0.5	93.166664	0.0	1.1615635	1.5	76.65264225006104
489	0.17035086	0.19795345	0.52	0.0	200.0	-0.03469415	0.31475362	0.41411355	-0.03280437	0.073076926	0.15	0.0	0.075	0.2	2.7296758	78.0	151.04167	0.5	48.958332	0.0	4.395685	1.375	79.84069275856018
490	0.05508772	0.1343232	0.48	0.0	200.0	0.014642206	0.008263222	0.037504837	0.0004210317	0.08	0.1	0.0	0.05	0.1	2.786383	76.0	198.33333	0.16666667	1.6666666	0.0	13.25486	0.9166667	75.2043948173523
491	0.05868421	0.14635152	0.56842107	0.0	200.0	0.004397429	0.00385617	0.024879167	0.00041734986	0.11	0.25	0.0	0.13333334	0.15	2.8404787	76.0	199.16667	0.16666667	0.8333333	0.0	1.138889	0.75	74.58663034439087
492	0.07894737	0.16041844	0.6105263	0.0	200.0	-0.010871145	0.0028545677	0.021086693	0.0005225441	0.11428572	0.3	0.0	0.13333334	0.15	2.6784365	78.0	199.0	0.25	1.0	0.0	3.3125	0.7083333	74.53726172447205
493	0.0838029	0.16023046	0.48421052	0.0	200.0	-0.007964013	0.001953125	0.0126454495	0.00025435592	0.08571429	0.2	0.0	0.116666675	0.25	2.5836673	76.0	199.375	0.25	0.625	0.0	0.0	0.625	75.98326230049133
494	0.0838694	0.16042037	0.48421052	0.0	200.0	-0.00963813	0.002654247	0.014834449	0.000634017	0.092857145	0.15	0.0	0.075	0.15	2.6053855	76.0	199.08333	0.25	0.9166667	0.0	7.2916665	0.75	76.6308958530426
495	0.100087725	0.1606025	0.52	0.0	200.0	-0.007635709	0.0025040065	0.020453265	0.0008895436	0.06666667	0.15	0.0	0.06666667	0.15	2.5624564	80.0	199.33333	0.33333334	0.6666667	0.0	0.0	0.6666667	78.21192574501038
496	0.06517544	0.14184964	0.48421052	0.0	200.0	-0.011361954	0.002353766	0.03020108	0.00033344794	0.06666667	0.15	0.0	0.075	0.2	2.6699483	76.0	199.375	0.20833333	0.625	0.0	5.25	0.45833334	78.0006971359253
497	0.14914231	0.2540396	0.96842104	0.0	200.0	-0.014050715	0.047826525	0.18873446	0.030229056	0.125	0.25	0.0	0.1375	0.2	2.5182886	76.0	198.79167	0.375	1.2083334	0.0	1.1507937	0.9166667	77.54958605766296
498	0.07	0.16542873	0.52	0.0	200.0	-0.014791362	0.03180088	0.3986841	0.014525291	0.07000001	0.15	0.0	0.075	0.25	2.6279836	76.0	199.25	0.16666667	0.75	0.0	2.5625	0.5416667	72.9386785030365
499	0.045	0.11213831	0.48	0.0	200.0	-0.014182766	0.13386418	0.64019185	0.05588072	0.030000001	0.1	0.0	0.05	0.15	2.6979167	78.0	199.08333	0.16666667	0.9166667	0.0	5.7638893	0.7083333	73.18772578239441
500	0.07768031	0.16508739	0.53333336	0.0	200.0	-0.022088302	0.14077525	0.64223796	-0.020789145	0.1	0.25	0.0	0.1	0.35	2.5227072	76.0	199.08333	0.20833333	0.9166667	0.0	2.2458334	0.6666667	78.35233688354492
